#t 0-1 0-2 0-3 0-4 0-5 0-6 1-2 1-3 1-4 1-5 1-6 2-3 2-4 2-5 2-6 3-4 3-5 3-6 4-5 4-6 5-6
0 0.0316531 0.198863 0.394701 0.119312 0.208496 0.293765 0.400495 0.170471 0.191393 0.571773 0.249366 5.15625 2.62768 2.35959 0.591752 1.93181 3.53997 1.61435 6.63177 0.7068 3.82275
.241890 0.0317041 0.203849 0.396883 0.121128 0.201819 0.292807 0.40021 0.165468 0.194688 0.564461 0.247292 5.32619 2.65392 2.37804 0.588694 2.11784 3.53406 1.53184 5.75684 0.631325 3.73682
.483780 0.031781 0.21212 0.397951 0.124444 0.193006 0.291411 0.39715 0.163456 0.203162 0.552085 0.245262 5.65543 2.66703 2.3866 0.588247 2.35949 3.47675 1.42948 4.77053 0.553812 3.69111
.725670 0.0319928 0.224176 0.397229 0.12877 0.182474 0.289529 0.39138 0.166899 0.215649 0.534496 0.24358 6.16834 2.67618 2.36955 0.590339 2.65713 3.36829 1.31189 3.78003 0.481173 3.69148
.967560 0.0322124 0.240606 0.393665 0.133319 0.171031 0.287188 0.382641 0.178026 0.229883 0.512152 0.242757 6.88059 2.69198 2.31383 0.596609 3.01424 3.22068 1.19101 2.90373 0.420556 3.74091
1.209450 0.0325135 0.262206 0.38587 0.13731 0.159575 0.284337 0.370185 0.198114 0.243094 0.486135 0.243319 7.77088 2.72079 2.20962 0.609492 3.44346 3.05778 1.07678 2.21134 0.376048 3.85747
1.451340 0.0328308 0.289552 0.372253 0.140132 0.148761 0.281021 0.352456 0.227273 0.253012 0.457914 0.245586 8.72065 2.75924 2.05277 0.632522 3.97746 2.90455 0.976723 1.72413 0.349155 4.07039
1.693230 0.0332558 0.322166 0.35132 0.141325 0.139127 0.277296 0.327671 0.264507 0.257778 0.429218 0.249412 9.43207 2.79139 1.84361 0.669056 4.68093 2.77737 0.894711 1.42616 0.340121 4.45416
1.935120 0.0336993 0.355163 0.325466 0.14085 0.130842 0.273448 0.297756 0.30474 0.256719 0.401483 0.253901 9.51966 2.7935 1.60242 0.71492 5.56673 2.65675 0.833409 1.27179 0.346055 5.13742
2.177010 0.0341308 0.385562 0.297349 0.138494 0.12444 0.269447 0.263845 0.344614 0.248983 0.376441 0.25753 8.86326 2.75333 1.35078 0.768286 6.66162 2.52927 0.796594 1.22969 0.372231 6.42799
2.418900 0.0346046 0.41108 0.27088 0.133938 0.121272 0.264847 0.228616 0.381341 0.233789 0.356645 0.257799 7.67021 2.66589 1.10597 0.827842 7.92634 2.37414 0.800172 1.26941 0.432148 9.13191
2.660790 0.0351355 0.43101 0.24953 0.126869 0.125691 0.257697 0.194714 0.413282 0.211102 0.346592 0.249252 6.31934 2.52814 0.869605 0.896128 9.15747 2.15909 0.884336 1.3525 0.565132 15.6876
2.902680 0.0356136 0.445523 0.235116 0.118029 0.151968 0.238801 0.165201 0.438363 0.184834 0.354615 0.218476 5.17 2.35009 0.632108 0.969115 9.96047 1.80138 1.14443 1.36307 0.871223 32.0871
3.144570 0.0362479 0.456561 0.226141 0.107107 0.21253 0.18254 0.138937 0.456859 0.15812 0.37213 0.169075 4.25984 2.11552 0.535047 0.958033 9.8386 1.12108 1.54119 1.07752 1.45126 40.0037
3.386460 0.0368626 0.464776 0.221082 0.0963645 0.246047 0.129236 0.116365 0.466955 0.141221 0.365486 0.170128 3.6453 1.84651 0.683283 0.813798 8.75151 0.555433 1.57672 0.711937 1.85161 17.6839
3.628350 0.037551 0.471063 0.218219 0.0869668 0.254609 0.107483 0.0970499 0.470081 0.137249 0.358592 0.176194 3.25008 1.56594 0.78245 0.695052 7.09434 0.309854 1.41732 0.564927 2.06853 7.59844
3.870240 0.0381815 0.4758 0.216549 0.0800431 0.257114 0.0984293 0.0814381 0.468601 0.141342 0.356132 0.17647 3.01092 1.32042 0.841764 0.616398 5.54614 0.196454 1.25187 0.524713 2.21315 4.04857
4.112130 0.0388671 0.479413 0.215467 0.0751234 0.258034 0.0942236 0.0691302 0.464703 0.146885 0.355798 0.175247 2.85753 1.12155 0.883772 0.565184 4.32601 0.136006 1.11323 0.53314 2.32841 2.54446
4.354020 0.0395637 0.482259 0.214598 0.0714645 0.258463 0.0924762 0.0595698 0.459413 0.150706 0.356338 0.174685 2.74831 0.961635 0.917328 0.532787 3.39822 0.104359 0.998959 0.574957 2.43878 1.79257
4.595910 0.0402496 0.48442 0.213762 0.0684588 0.258654 0.0923602 0.0529249 0.453362 0.151567 0.357106 0.175665 2.66481 0.837987 0.945471 0.515265 2.72576 0.0955936 0.907402 0.649068 2.55037 1.38374
4.837800 0.0409241 0.486088 0.212805 0.0655998 0.25876 0.0935397 0.0490067 0.446695 0.149256 0.357681 0.178636 2.59606 0.740407 0.969931 0.50993 2.23417 0.103648 0.833059 0.765963 2.66889 1.14498
5.079690 0.0415971 0.487415 0.211632 0.0625032 0.258673 0.0959141 0.0474896 0.439306 0.14376 0.358057 0.183943 2.53657 0.660419 0.990755 0.51575 1.86784 0.121975 0.771285 0.953502 2.79717 1.00657
5.321580 0.0421732 0.488371 0.210082 0.0589299 0.258459 0.0993329 0.0478943 0.431107 0.134833 0.358214 0.191598 2.4846 0.591093 1.00894 0.531385 1.59287 0.14583 0.71842 1.27225 2.93299 0.928535
5.563470 0.042778 0.489007 0.208223 0.054952 0.258079 0.103729 0.049813 0.422207 0.122517 0.357996 0.201539 2.43869 0.52828 1.02465 0.555565 1.38745 0.172609 0.673553 1.87001 3.07036 0.891271
5.805360 0.043407 0.489438 0.206058 0.0513358 0.257435 0.1089 0.0527659 0.412541 0.107385 0.357312 0.213414 2.4 0.46981 1.03796 0.587089 1.2376 0.202177 0.636183 3.11861 3.19755 0.887167
6.047250 0.0440466 0.489705 0.2036 0.0503158 0.256329 0.114457 0.0564618 0.402004 0.0928529 0.355701 0.226413 2.37025 0.417001 1.04943 0.623544 1.1341 0.235957 0.606731 5.96299 3.29451 0.920657
6.289140 0.0446517 0.489854 0.200827 0.0558902 0.254273 0.119819 0.060634 0.390539 0.0899838 0.351775 0.239329 2.35021 0.376084 1.06012 0.66102 1.07182 0.278262 0.585316 12.2341 3.33302 1.0114
6.531030 0.0452776 0.489991 0.197754 0.0692765 0.250949 0.124267 0.0650985 0.377985 0.111973 0.343431 0.250568 2.34278 0.354223 1.07414 0.694538 1.04796 0.333876 0.573959 22.1985 3.28427 1.17228
6.772920 0.0458785 0.490078 0.194307 0.0829764 0.248118 0.127238 0.0697688 0.364037 0.147884 0.332393 0.258793 2.34949 0.350106 1.09914 0.719812 1.07252 0.393505 0.572739 28.452 3.16 1.31798
7.014810 0.0465379 0.490167 0.190421 0.0900192 0.248553 0.128553 0.0746917 0.348264 0.180031 0.324986 0.263382 2.37487 0.378325 1.13593 0.734471 1.16919 0.438286 0.580522 24.6313 3.01004 1.33472
7.256700 0.0472453 0.490239 0.185951 0.0950849 0.25109 0.128451 0.0798957 0.329955 0.209113 0.322486 0.264712 2.42421 0.478936 1.17162 0.739183 1.36285 0.468291 0.596094 16.879 2.84659 1.2511
7.498590 0.0479287 0.490311 0.180671 0.103501 0.253516 0.127443 0.0853656 0.308291 0.239841 0.321925 0.263689 2.50399 0.646716 1.1979 0.73647 1.67905 0.489315 0.618905 10.789 2.66278 1.14209
7.740480 0.0486431 0.490378 0.174213 0.115646 0.255225 0.125977 0.0909752 0.282172 0.272848 0.321498 0.261248 2.61956 0.857915 1.21567 0.729102 2.14602 0.500742 0.649754 7.09105 2.46917 1.04472
7.982370 0.049345 0.490403 0.166365 0.12999 0.25635 0.124361 0.09686 0.250647 0.30633 0.320913 0.258091 2.79013 1.10266 1.22669 0.719175 2.77451 0.499327 0.690253 4.96209 2.27897 0.96715
8.224260 0.0499792 0.490304 0.157011 0.145208 0.257077 0.122781 0.103007 0.213464 0.337981 0.320162 0.254646 3.04554 1.37821 1.23153 0.708066 3.52464 0.483003 0.74106 3.72163 2.09965 0.908313
8.466150 0.0505573 0.490027 0.146629 0.160152 0.257585 0.121323 0.109336 0.172574 0.364982 0.319299 0.251098 3.44301 1.68105 1.23082 0.696248 4.26721 0.455543 0.799332 2.97566 1.93361 0.865908
8.708040 0.0513498 0.48943 0.136731 0.173676 0.257943 0.120015 0.115768 0.133803 0.38464 0.318429 0.247479 4.0964 2.00242 1.22435 0.683773 4.81019 0.425521 0.857751 2.50189 1.78252 0.837728
8.949930 0.0518714 0.48827 0.129651 0.184991 0.258191 0.11887 0.121968 0.107751 0.395651 0.317504 0.243759 5.23175 2.33033 1.21164 0.670142 5.02688 0.402613 0.906891 2.17852 1.64787 0.823213
9.191820 0.0523558 0.48619 0.127541 0.194289 0.258374 0.117877 0.127349 0.104743 0.398996 0.316613 0.239969 7.3817 2.65948 1.19282 0.654619 4.93414 0.391189 0.943264 1.94616 1.52979 0.818599
9.433710 0.0528055 0.481679 0.136003 0.201709 0.258499 0.116981 0.130643 0.123268 0.395937 0.315739 0.235921 12.4103 2.96323 1.16454 0.634353 4.66153 0.401317 0.965631 1.76652 1.42967 0.824901
9.675600 0.0532171 0.46641 0.176645 0.207668 0.258574 0.116162 0.126899 0.154119 0.388597 0.314946 0.231465 30.6017 3.16061 1.10735 0.602674 4.42029 0.477412 0.979303 1.61803 1.34646 0.843305
9.917490 0.0536389 0.296368 0.398838 0.213319 0.258622 0.115455 0.105136 0.195955 0.378724 0.314047 0.226972 111.806 2.85758 0.69719 0.683801 4.58035 0.94894 0.909722 1.49171 1.27431 0.871921
10.159380 0.053945 0.0924106 0.486301 0.218627 0.258702 0.11491 0.165477 0.180373 0.367468 0.313194 0.222397 20.88 2.94399 0.275087 0.86396 4.59379 1.11588 0.713671 1.38426 1.2127 0.911737
10.401270 0.0542279 0.0753535 0.487142 0.223854 0.258774 0.114505 0.197235 0.178739 0.355338 0.312355 0.217713 9.21099 2.73791 0.244453 0.872724 4.89902 1.09308 0.668613 1.28761 1.16004 0.964962
10.643160 0.054413 0.0757697 0.484886 0.228787 0.258852 0.114248 0.219717 0.181697 0.34309 0.3115 0.212796 6.1857 2.50083 0.23728 0.857812 5.28813 1.06498 0.649029 1.20005 1.11546 1.03521
10.885050 0.0545206 0.0774165 0.482355 0.233375 0.258886 0.114184 0.23746 0.185729 0.331288 0.310906 0.207838 4.8096 2.29513 0.230833 0.835871 5.69827 1.03768 0.637515 1.1194 1.07832 1.12636
11.126940 0.0544497 0.0788775 0.479911 0.237338 0.258871 0.114344 0.251529 0.189826 0.320247 0.310493 0.202839 4.02949 2.12688 0.224079 0.811391 6.097 1.01202 0.629904 1.04505 1.04751 1.24416
11.368830 0.05426 0.0801703 0.477712 0.240447 0.25883 0.114741 0.262472 0.193525 0.310251 0.310248 0.197877 3.54193 1.99257 0.217309 0.7863 6.4659 0.988461 0.624998 0.976473 1.02298 1.39482
11.610720 0.0539991 0.0815202 0.47588 0.24247 0.258669 0.115377 0.270725 0.196606 0.301501 0.310284 0.193017 3.22391 1.88627 0.211143 0.761755 6.78701 0.967185 0.622302 0.912625 1.00432 1.59019
11.852610 0.0535594 0.0831846 0.474511 0.243119 0.258381 0.116261 0.27673 0.198874 0.294125 0.310579 0.1883 3.01458 1.80185 0.205923 0.738651 7.04016 0.948586 0.621203 0.853182 0.990948 1.84053
12.094500 0.0531378 0.0854187 0.473649 0.24238 0.25793 0.117375 0.281067 0.200233 0.288169 0.31115 0.183703 2.87864 1.73411 0.201996 0.717417 7.2138 0.9328 0.621414 0.79762 0.982496 2.16014
12.336390 0.0526301 0.0883978 0.473284 0.24014 0.257287 0.118702 0.284289 0.200536 0.283656 0.311979 0.179202 2.7941 1.67832 0.199628 0.698446 7.29124 0.91997 0.622345 0.745403 0.977865 2.5608
12.578280 0.0520988 0.0922108 0.473383 0.236474 0.256423 0.120221 0.286964 0.199923 0.280453 0.313037 0.17475 2.74462 1.63093 0.198968 0.681855 7.2671 0.910049 0.62348 0.696525 0.97617 3.05337
12.820170 0.0514981 0.0968056 0.473793 0.231544 0.255333 0.121884 0.289706 0.19838 0.278431 0.314286 0.17038 2.71719 1.58846 0.200037 0.667757 7.13894 0.903011 0.62447 0.650835 0.976282 3.63242
13.062060 0.0508501 0.102038 0.474389 0.225603 0.254037 0.123599 0.292973 0.196033 0.277402 0.315638 0.166176 2.7023 1.54812 0.202497 0.656138 6.91112 0.898818 0.624981 0.608338 0.977428 4.27096
13.303950 0.0501478 0.107709 0.475001 0.218999 0.252589 0.125221 0.29713 0.193048 0.277084 0.317016 0.162302 2.69283 1.50804 0.205834 0.64701 6.59908 0.897371 0.624827 0.569019 0.978896 4.91186
13.545840 0.0493884 0.11362 0.475523 0.212001 0.251129 0.12651 0.30237 0.189588 0.277256 0.318262 0.158986 2.68344 1.4666 0.209153 0.640484 6.22071 0.898566 0.623747 0.532656 0.980296 5.46288
13.787730 0.0485639 0.119584 0.475828 0.20493 0.249719 0.127254 0.308754 0.185914 0.277733 0.319301 0.156436 2.67152 1.42327 0.211701 0.636532 5.79827 0.902732 0.621767 0.49924 0.982122 5.82588
14.029620 0.0477546 0.125508 0.475838 0.198057 0.248494 0.12723 0.316387 0.182193 0.278382 0.320064 0.154808 2.65523 1.37822 0.212755 0.635466 5.35452 0.910071 0.618674 0.468261 0.983384 5.91691
14.271510 0.0469374 0.131298 0.475505 0.191534 0.247513 0.126336 0.325277 0.178558 0.278968 0.320556 0.154188 2.63422 1.33186 0.212028 0.637107 4.90704 0.921023 0.614548 0.4395 0.985451 5.70207
14.513400 0.0461293 0.136875 0.474823 0.185517 0.246754 0.124633 0.335497 0.17516 0.279375 0.320824 0.154516 2.60717 1.28515 0.209743 0.641415 4.47208 0.935963 0.609614 0.412982 0.987659 5.21814
14.755290 0.0453047 0.142177 0.473871 0.180034 0.246112 0.122327 0.347053 0.172096 0.279519 0.320974 0.155563 2.57302 1.23796 0.206588 0.648173 4.05937 0.954974 0.604045 0.389048 0.98993 4.54967
14.997180 0.0444957 0.147067 0.472621 0.175114 0.245449 0.119672 0.360157 0.169523 0.279274 0.321111 0.157152 2.5287 1.19081 0.203184 0.656893 3.67689 0.978715 0.598511 0.368549 0.992048 3.80404
15.239070 0.0436818 0.15147 0.471243 0.170751 0.24465 0.11698 0.375021 0.16753 0.278587 0.321353 0.159111 2.47268 1.144 0.200374 0.6671 3.32691 1.00793 0.593471 0.352383 0.993927 3.07897
15.480960 0.0429007 0.155327 0.46964 0.166859 0.243702 0.114502 0.391878 0.16617 0.277445 0.321783 0.1612 2.40385 1.09754 0.198639 0.678992 3.00923 1.04354 0.589267 0.34124 0.995712 2.43902
15.722850 0.0421647 0.158594 0.467959 0.163402 0.242619 0.11241 0.410936 0.165529 0.275816 0.322531 0.163327 2.32267 1.05159 0.198133 0.691988 2.72269 1.08655 0.586168 0.335634 0.997885 1.91314
15.964740 0.0413969 0.161311 0.466192 0.160328 0.241453 0.110769 0.432307 0.165662 0.273695 0.323636 0.165459 2.23214 1.00658 0.198764 0.705856 2.46487 1.13755 0.584156 0.335531 1.00034 1.50214
16.206630 0.0406053 0.163563 0.464367 0.157548 0.240255 0.109601 0.456037 0.166477 0.271181 0.325014 0.16762 2.1363 0.963286 0.200297 0.719956 2.23334 1.19723 0.583584 0.341601 1.00388 1.19146
16.448520 0.0399625 0.165596 0.462447 0.155045 0.239113 0.108871 0.481515 0.168348 0.268296 0.326757 0.169861 2.04198 0.922565 0.202674 0.734144 2.02574 1.26612 0.584255 0.353934 1.00907 0.960837
16.690410 0.0393426 0.167591 0.4604 0.152781 0.238127 0.108516 0.508561 0.171011 0.265192 0.328881 0.172184 1.95397 0.88516 0.205928 0.748469 1.83933 1.34599 0.586099 0.375189 1.01639 0.790951
16.932300 0.0387316 0.169734 0.458156 0.150721 0.237294 0.108431 0.536259 0.174651 0.261826 0.331367 0.174523 1.87704 0.851962 0.210209 0.763071 1.67377 1.4372 0.589019 0.410663 1.02559 0.666115
17.174190 0.0381673 0.171967 0.455704 0.148841 0.236565 0.10853 0.564617 0.179268 0.258191 0.334202 0.17686 1.80869 0.823035 0.215417 0.778197 1.52739 1.54236 0.592751 0.474328 1.03826 0.573522
17.416080 0.0376654 0.174116 0.453154 0.147109 0.236058 0.108769 0.59378 0.18474 0.254176 0.337337 0.179254 1.74528 0.797296 0.221144 0.793407 1.40039 1.66213 0.596941 0.601299 1.05331 0.505309
17.657970 0.0372548 0.176083 0.450607 0.145408 0.235824 0.109161 0.624412 0.190925 0.249336 0.340789 0.181881 1.6832 0.775061 0.226711 0.808215 1.29143 1.7976 0.601684 0.886994 1.07095 0.454971
17.899860 0.0368963 0.177723 0.447978 0.143726 0.235876 0.109702 0.656829 0.1978 0.243394 0.344727 0.184909 1.62018 0.755477 0.231122 0.822 1.20268 1.94749 0.606177 1.63695 1.09127 0.418503
18.141750 0.0365636 0.179013 0.44528 0.142209 0.236126 0.110488 0.691326 0.205158 0.23522 0.349758 0.188667 1.55662 0.737959 0.233264 0.834115 1.14477 2.1045 0.610671 4.17509 1.11334 0.395758
18.383640 0.0363904 0.180028 0.442668 0.143064 0.235181 0.111707 0.727909 0.212804 0.220704 0.358258 0.193455 1.49356 0.720203 0.239516 0.844159 1.19829 2.22579 0.614107 19.8408 1.12891 0.413871
18.625530 0.0362727 0.181536 0.439966 0.206455 0.18177 0.27639 0.762537 0.221328 0.268501 0.323201 0.252244 1.44352 0.512604 0.544721 0.172923 2.28224 1.41151 1.26346 108.161 4.02221 2.89902
18.867420 0.0363766 0.183357 0.437035 0.233925 0.144683 0.27885 0.795133 0.230413 0.330454 0.25823 0.249257 1.4035 0.328888 0.663551 0.174185 2.72509 0.861945 1.33283 14.694 4.88595 1.07396
19.109310 0.036501 0.185279 0.434138 0.237065 0.139622 0.281392 0.825603 0.239773 0.340278 0.243564 0.247955 1.36912 0.308683 0.667744 0.176252 2.94529 0.789063 1.39808 5.28312 4.98344 0.772721
19.351200 0.0367551 0.187117 0.431326 0.238692 0.137016 0.283678 0.854585 0.248946 0.3446 0.235524 0.246923 1.33759 0.30639 0.665543 0.179089 3.16346 0.741263 1.46384 2.88132 5.03877 0.688753
19.593090 0.0370852 0.188768 0.428676 0.239934 0.134886 0.285708 0.882405 0.257619 0.347193 0.229316 0.246096 1.30721 0.308051 0.663222 0.182295 3.37858 0.699904 1.52988 1.91161 5.08812 0.678352
19.834980 0.0374915 0.19019 0.426241 0.240941 0.132826 0.2875 0.909203 0.265583 0.348921 0.22383 0.245495 1.27743 0.310435 0.662008 0.18559 3.58458 0.662358 1.59555 1.4195 5.14 0.711366
20.076870 0.0380291 0.191426 0.424042 0.241728 0.130721 0.289062 0.9345 0.272675 0.350097 0.218721 0.245115 1.24888 0.312445 0.662251 0.188851 3.77339 0.628003 1.65886 1.13486 5.19476 0.782622
20.318760 0.0385553 0.192593 0.422127 0.24236 0.128539 0.290374 0.957375 0.278886 0.350897 0.213883 0.24496 1.2227 0.313813 0.664163 0.192113 3.93961 0.596376 1.7183 0.954503 5.24947 0.898436
20.560650 0.0391125 0.193831 0.420497 0.242758 0.126316 0.291422 0.976116 0.284224 0.351407 0.209309 0.244977 1.20074 0.314648 0.667726 0.195544 4.07649 0.567469 1.7706 0.833992 5.2979 1.07325
20.802540 0.0396625 0.19534 0.419209 0.242916 0.124115 0.292116 0.988315 0.288573 0.351697 0.204964 0.245167 1.18467 0.315091 0.6728 0.199317 4.17257 0.541159 1.81134 0.750265 5.3331 1.3319
21.044430 0.0401398 0.197264 0.418265 0.242887 0.121992 0.292446 0.992026 0.292053 0.351805 0.200795 0.245427 1.17588 0.315474 0.679414 0.203801 4.223 0.517578 1.8372 0.693006 5.34697 1.71339
21.286320 0.0405228 0.199723 0.417622 0.24273 0.11999 0.292415 0.986172 0.294825 0.351808 0.19675 0.245647 1.17514 0.316338 0.687688 0.209385 4.22931 0.497266 1.84648 0.657179 5.33435 2.27879
21.528210 0.0407947 0.202734 0.417251 0.24246 0.118143 0.292008 0.970969 0.296887 0.351751 0.192792 0.245726 1.18228 0.317948 0.697698 0.216352 4.19227 0.481335 1.83837 0.641398 5.29363 3.10313
21.770100 0.0409546 0.206194 0.417113 0.242081 0.116476 0.291223 0.948153 0.298219 0.35164 0.188892 0.245626 1.19606 0.32028 0.70933 0.22491 4.11741 0.470996 1.81453 0.643626 5.228 4.26927
22.011990 0.0410245 0.209952 0.417206 0.241569 0.115054 0.290069 0.920076 0.298661 0.351467 0.185038 0.245421 1.21497 0.32298 0.721981 0.234939 4.0063 0.466961 1.77698 0.66016 5.14453 5.82698
22.253880 0.041035 0.213799 0.417556 0.240908 0.113902 0.288565 0.889322 0.297966 0.351137 0.18124 0.245262 1.23713 0.325265 0.734761 0.246046 3.85747 0.468762 1.72809 0.685802 5.05251 7.744
22.495770 0.041024 0.217552 0.418173 0.240071 0.113027 0.286736 0.857941 0.295991 0.350588 0.177538 0.245303 1.26108 0.326504 0.74689 0.257603 3.67304 0.47466 1.67059 0.714636 4.96009 9.85475
22.737660 0.0410241 0.221086 0.419038 0.23919 0.112388 0.28462 0.827128 0.292705 0.349783 0.173923 0.245684 1.28594 0.32632 0.758078 0.26862 3.45818 0.482208 1.60702 0.740117 4.87265 11.8119
22.979550 0.0410847 0.224389 0.42009 0.23829 0.111924 0.282266 0.797094 0.288202 0.348683 0.170406 0.246382 1.31196 0.324945 0.769003 0.27746 3.22318 0.488954 1.5391 0.750239 4.79043 12.918
23.221440 0.0411168 0.227552 0.421243 0.237397 0.111579 0.279724 0.767236 0.282893 0.347318 0.166963 0.247319 1.34048 0.323122 0.78101 0.282153 2.98263 0.492963 1.46912 0.731549 4.71101 12.4326
23.463330 0.0411478 0.230761 0.422368 0.23656 0.111389 0.277013 0.736545 0.277192 0.345788 0.163549 0.24832 1.37396 0.321843 0.795187 0.282166 2.7495 0.495671 1.39754 0.681588 4.6276 10.3187
23.705220 0.0411883 0.234288 0.423339 0.235778 0.111496 0.274131 0.704462 0.271582 0.344155 0.16019 0.249221 1.41572 0.322016 0.811241 0.27957 2.53312 0.500683 1.32451 0.616573 4.53224 7.53015
23.947110 0.0412365 0.238392 0.424019 0.235094 0.111977 0.271092 0.670411 0.266447 0.342559 0.157035 0.249891 1.46972 0.324358 0.828043 0.27756 2.33809 0.511074 1.24985 0.557501 4.41891 5.10474
24.189000 0.041296 0.243336 0.424271 0.234434 0.112789 0.267984 0.634475 0.26207 0.340996 0.154291 0.250264 1.54024 0.329257 0.844188 0.278739 2.16361 0.528154 1.17441 0.515236 4.28719 3.44225
24.430890 0.0413711 0.249327 0.423923 0.233836 0.113873 0.264782 0.597021 0.258598 0.339455 0.152077 0.25041 1.63124 0.336997 0.8587 0.284245 2.00777 0.551924 1.09977 0.488378 4.14076 2.43896
24.672780 0.0415604 0.256572 0.422818 0.23333 0.115166 0.261495 0.558871 0.256168 0.337945 0.150553 0.250374 1.74662 0.347917 0.870958 0.29452 1.86895 0.582215 1.02745 0.471515 3.98383 1.8548
24.914670 0.0418172 0.265215 0.420742 0.23291 0.116626 0.258055 0.520512 0.254888 0.336431 0.149732 0.250153 1.88861 0.362369 0.880708 0.309673 1.74582 0.619359 0.959122 0.460403 3.82017 1.50958
25.156560 0.0421872 0.275319 0.417483 0.232568 0.118183 0.254365 0.482791 0.254718 0.334957 0.14959 0.249687 2.05751 0.380749 0.887791 0.330018 1.63744 0.66318 0.896643 0.453309 3.65408 1.30634
25.398450 0.0426435 0.286921 0.412873 0.232283 0.119773 0.250182 0.446281 0.255522 0.333489 0.149939 0.248867 2.25065 0.403171 0.891703 0.35678 1.5419 0.713916 0.84214 0.44894 3.48781 1.1994
25.640340 0.043189 0.299874 0.406828 0.232133 0.121332 0.245105 0.411468 0.256887 0.331881 0.150645 0.247456 2.46069 0.429017 0.891902 0.391968 1.45642 0.770582 0.799345 0.446821 3.32149 1.17556
25.882230 0.0437555 0.314911 0.398554 0.232094 0.122971 0.238222 0.376648 0.259411 0.330637 0.151898 0.245029 2.68642 0.461069 0.886776 0.441229 1.38217 0.836448 0.772565 0.446965 3.1443 1.22811
26.124120 0.0444011 0.330835 0.388596 0.232094 0.124432 0.227595 0.34407 0.261943 0.329205 0.153156 0.240627 2.90022 0.495332 0.877311 0.512955 1.3148 0.907139 0.779488 0.450077 2.94658 1.39404
26.366010 0.0451328 0.348938 0.375667 0.232237 0.126009 0.20829 0.310953 0.26508 0.328044 0.154965 0.23242 3.08928 0.536118 0.859568 0.626243 1.25506 0.989738 0.853631 0.454438 2.66683 1.72666
26.607900 0.0458534 0.368654 0.35965 0.232531 0.127686 0.172948 0.277784 0.268169 0.326998 0.157261 0.219523 3.21492 0.581573 0.832679 0.782373 1.20179 1.08432 1.04094 0.460073 2.19084 2.25062
26.849790 0.0467895 0.389003 0.341214 0.233002 0.129416 0.133575 0.245514 0.270268 0.326037 0.159846 0.209766 3.23981 0.628988 0.797559 0.895325 1.15456 1.18971 1.27887 0.467056 1.55223 2.70351
27.091680 0.0476787 0.408033 0.322025 0.233663 0.130928 0.115637 0.21621 0.270314 0.325015 0.162241 0.208199 3.1559 0.673045 0.758955 0.912565 1.11521 1.29864 1.45602 0.474964 1.05825 2.89945
27.333570 0.0485684 0.425072 0.302937 0.234509 0.132226 0.112661 0.190214 0.268461 0.324096 0.164455 0.20943 2.98296 0.71286 0.719478 0.883006 1.08622 1.41236 1.58749 0.48341 0.767105 2.95814
27.575460 0.0496272 0.440011 0.284792 0.235528 0.133349 0.1142 0.167643 0.265048 0.323274 0.166492 0.210927 2.75334 0.748053 0.68159 0.839924 1.07112 1.53228 1.70132 0.4913 0.596109 2.97148
27.817350 0.0506708 0.452722 0.268112 0.236751 0.134244 0.116822 0.148518 0.260516 0.322622 0.16827 0.212314 2.49875 0.778886 0.647093 0.795228 1.07142 1.66028 1.80814 0.498709 0.488073 2.97305
28.059240 0.0517422 0.463436 0.253126 0.238203 0.134858 0.119727 0.132596 0.255278 0.322033 0.169661 0.213837 2.24421 0.805347 0.617264 0.753339 1.09127 1.79915 1.91181 0.504943 0.415638 2.97831
28.301130 0.0528155 0.472679 0.239839 0.239893 0.135091 0.122851 0.119448 0.249806 0.321479 0.170549 0.215796 2.00544 0.828198 0.592506 0.716112 1.1368 1.9523 2.01396 0.509015 0.364748 3.00006
28.543020 0.0539241 0.480661 0.22804 0.241878 0.134861 0.126255 0.108655 0.244306 0.321039 0.170807 0.218444 1.78851 0.847985 0.572561 0.684275 1.21767 2.12258 2.11561 0.509599 0.327144 3.05107
28.784910 0.0550729 0.487661 0.217569 0.244185 0.134107 0.130007 0.099817 0.238969 0.320766 0.17042 0.221909 1.59467 0.865483 0.556742 0.657827 1.35344 2.3119 2.21723 0.50588 0.298401 3.14429
29.026800 0.0562257 0.493888 0.208191 0.246882 0.132785 0.134106 0.0926133 0.233873 0.320766 0.169352 0.226164 1.42362 0.880902 0.544478 0.6366 1.58279 2.51904 2.31865 0.49742 0.274687 3.29222
29.268690 0.0574003 0.499503 0.199605 0.250129 0.130815 0.138511 0.0867983 0.228891 0.321254 0.167538 0.231182 1.27504 0.89403 0.535052 0.620333 2.00731 2.73564 2.4182 0.487211 0.253116 3.51178
29.510580 0.0586657 0.504591 0.191132 0.254304 0.128179 0.143201 0.0822093 0.223423 0.32272 0.165033 0.236846 1.14996 0.902533 0.527574 0.608795 3.00752 2.94259 2.51188 0.490037 0.234933 3.81974
29.752470 0.0598789 0.509247 0.180111 0.261076 0.124888 0.148165 0.0786797 0.214616 0.326943 0.161876 0.243149 1.05947 0.894087 0.520958 0.601777 7.7829 3.09549 2.58905 0.593689 0.284355 4.23883
29.994360 0.061121 0.513415 0.171791 0.266535 0.12104 0.153302 0.0759678 0.216196 0.324532 0.158296 0.250048 1.11005 0.729686 0.514093 0.59932 101.956 2.46063 2.14148 2.11561 1.59697 4.79877
30.236250 0.0620113 0.517313 0.243787 0.203744 0.116879 0.158499 0.0739443 0.301423 0.245922 0.154654 0.2575 1.03752 0.760364 0.505677 0.601397 14.7024 0.670412 0.690089 3.1542 2.63369 5.54338
30.478140 0.0630152 0.520893 0.253865 0.192806 0.112879 0.163736 0.0726698 0.309646 0.233671 0.151599 0.265425 1.03246 0.719383 0.494627 0.608014 5.51725 0.476894 0.514702 3.03205 2.71177 6.53228
30.720030 0.0639379 0.524259 0.259195 0.187788 0.10982 0.168675 0.0719041 0.31253 0.227361 0.150044 0.273424 1.0444 0.672266 0.480118 0.618893 3.33537 0.422843 0.464546 2.7547 2.75294 7.85013
30.961920 0.0649808 0.52737 0.263473 0.184198 0.109017 0.172613 0.071706 0.314336 0.221682 0.151847 0.280484 1.06193 0.631941 0.462595 0.633155 2.4284 0.406091 0.441845 2.38045 2.7919 9.59135
31.203810 0.0659279 0.530245 0.267324 0.181078 0.113607 0.173599 0.0718551 0.315813 0.215745 0.162031 0.283522 1.08264 0.599526 0.447463 0.646488 1.94985 0.414748 0.420306 1.9873 2.8234 11.7453
31.445700 0.0666708 0.533056 0.271067 0.178063 0.129729 0.166523 0.0724008 0.317232 0.209297 0.191615 0.274109 1.10654 0.574124 0.455952 0.644226 1.65378 0.451428 0.379534 1.7756 2.76843 14.3589
31.687590 0.0674236 0.535781 0.274788 0.175089 0.155084 0.148793 0.0733283 0.318716 0.202323 0.237344 0.246771 1.13345 0.554999 0.510887 0.607077 1.46174 0.501112 0.321308 2.01621 2.49767 15.9949
31.929480 0.0681366 0.538381 0.278526 0.172168 0.174412 0.132131 0.0746499 0.320351 0.195032 0.272486 0.219934 1.1633 0.541631 0.572529 0.557101 1.33576 0.536886 0.279858 2.42395 2.13349 13.7531
32.171370 0.068745 0.540814 0.282307 0.169332 0.185928 0.122487 0.0763197 0.32211 0.187625 0.293578 0.204183 1.19585 0.533179 0.616412 0.518126 1.25493 0.563185 0.258667 2.78862 1.84515 10.6892
32.413260 0.0692708 0.543203 0.286189 0.166552 0.193799 0.11714 0.0784708 0.324029 0.179954 0.307923 0.195462 1.23128 0.529498 0.64894 0.488768 1.20698 0.587848 0.246503 3.14721 1.64335 8.35312
32.655150 0.0697188 0.545531 0.290228 0.16402 0.199608 0.114142 0.080987 0.326098 0.172787 0.318387 0.190505 1.27028 0.529199 0.674068 0.465537 1.17706 0.611808 0.238875 3.51744 1.50942 6.75301
32.897040 0.0702683 0.547797 0.294434 0.161724 0.204326 0.112397 0.0839692 0.328317 0.165987 0.326679 0.187536 1.31219 0.532292 0.694784 0.446293 1.16514 0.636317 0.2341 3.91923 1.42056 5.62849
33.138930 0.0706486 0.549966 0.298688 0.159765 0.208122 0.111495 0.0872293 0.330565 0.160065 0.333177 0.185764 1.35648 0.537916 0.711601 0.429803 1.16569 0.661205 0.231675 4.34031 1.36105 4.82439
33.380820 0.0709733 0.552053 0.303309 0.158293 0.211011 0.111225 0.0908848 0.332808 0.155518 0.33795 0.184803 1.40249 0.544484 0.72483 0.415737 1.17341 0.686004 0.231341 4.75652 1.32195 4.24381
33.622710 0.0711396 0.554035 0.308024 0.157535 0.212934 0.11142 0.0948816 0.335097 0.152899 0.340925 0.184487 1.44978 0.549329 0.734927 0.403661 1.18034 0.711493 0.232536 5.13204 1.29304 3.82063
33.864600 0.0713926 0.5559 0.312904 0.157586 0.213843 0.112001 0.0992643 0.337254 0.152579 0.342092 0.184588 1.49749 0.550133 0.742188 0.393085 1.1817 0.73814 0.234828 5.42567 1.26912 3.51215
34.106490 0.0716285 0.55766 0.317931 0.158565 0.213686 0.112901 0.103991 0.33924 0.154823 0.341346 0.185044 1.54482 0.545382 0.746971 0.383799 1.17375 0.766337 0.237775 5.59239 1.247 3.29023
34.348380 0.0718359 0.559342 0.32308 0.160558 0.212409 0.11407 0.109038 0.341012 0.159797 0.338712 0.185719 1.59087 0.534811 0.749075 0.375384 1.15518 0.79544 0.241002 5.58654 1.22509 3.13422
34.590270 0.0720101 0.560974 0.328283 0.163591 0.209929 0.115501 0.114338 0.342541 0.167468 0.333991 0.186608 1.63422 0.519758 0.7477 0.367829 1.12826 0.823615 0.244288 5.37254 1.20389 3.03117
34.832160 0.0721132 0.562589 0.333446 0.167562 0.206296 0.117218 0.119779 0.343823 0.177434 0.327133 0.187772 1.67308 0.502956 0.741842 0.361199 1.098 0.847994 0.247762 4.94902 1.18471 2.97217
35.074050 0.0721722 0.564222 0.338421 0.172132 0.201612 0.119288 0.125206 0.344875 0.188719 0.318336 0.189308 1.70555 0.487156 0.730692 0.355812 1.07128 0.865149 0.251613 4.37366 1.16904 2.95301
35.315940 0.0721976 0.565956 0.343137 0.176892 0.196179 0.121703 0.130515 0.345727 0.200139 0.308082 0.191187 1.73081 0.474256 0.714132 0.35151 1.05433 0.873086 0.255771 3.74028 1.156 2.96849
35.557830 0.0721875 0.567871 0.347514 0.181495 0.190174 0.124491 0.13561 0.346412 0.210892 0.296802 0.193428 1.74821 0.464717 0.692513 0.348408 1.05191 0.870682 0.260294 3.13049 1.14468 3.0193
35.799720 0.0721099 0.570014 0.351494 0.185737 0.183748 0.127639 0.140395 0.346974 0.220428 0.284833 0.196059 1.75758 0.45813 0.66669 0.346546 1.06723 0.858597 0.265321 2.59348 1.13354 3.10766
36.041610 0.0718253 0.572422 0.354965 0.189546 0.176824 0.131343 0.144731 0.347392 0.228706 0.272207 0.199215 1.75828 0.453774 0.637308 0.346149 1.10399 0.837279 0.271056 2.14521 1.12177 3.24049
36.283500 0.0715497 0.57507 0.357894 0.192922 0.169199 0.135668 0.148518 0.3477 0.235789 0.258779 0.20303 1.75086 0.450733 0.60475 0.34759 1.16655 0.807941 0.277829 1.78149 1.10893 3.42857
36.525390 0.0712392 0.577997 0.360239 0.195921 0.160599 0.140735 0.151678 0.347894 0.241835 0.244308 0.207651 1.73545 0.448448 0.569447 0.351048 1.26151 0.772106 0.286077 1.49344 1.09425 3.68416
36.767280 0.0709336 0.581274 0.362006 0.198601 0.150748 0.14661 0.154168 0.347971 0.247016 0.228576 0.213142 1.71285 0.446314 0.531758 0.356699 1.39868 0.731513 0.296049 1.27146 1.07673 4.01644
37.009170 0.0706337 0.584909 0.363237 0.201006 0.139372 0.153279 0.155943 0.347895 0.251468 0.211486 0.219431 1.68387 0.443596 0.492238 0.364378 1.59323 0.688422 0.307878 1.10841 1.055 4.4228
37.251060 0.0702145 0.58889 0.363968 0.203222 0.126266 0.160487 0.156989 0.347632 0.255335 0.193124 0.226155 1.64937 0.440119 0.451793 0.373429 1.87136 0.645558 0.321274 0.998915 1.02705 4.8726
37.492950 0.0697991 0.593295 0.364255 0.205365 0.111753 0.16767 0.157342 0.347082 0.25876 0.174293 0.232587 1.61037 0.434987 0.411911 0.382513 2.27408 0.605526 0.335361 0.937427 0.990941 5.28609
37.734840 0.0694101 0.598106 0.364052 0.207613 0.0968736 0.173978 0.156993 0.346071 0.261972 0.156549 0.237735 1.56757 0.427698 0.374875 0.389749 2.87577 0.571162 0.348798 0.915999 0.946514 5.54469
37.976730 0.0690055 0.603325 0.363246 0.210275 0.0834876 0.178665 0.15601 0.344266 0.265486 0.142255 0.240784 1.52157 0.418545 0.344076 0.39351 3.82574 0.544894 0.360545 0.923579 0.895929 5.55002
38.218620 0.0687449 0.608915 0.36152 0.213968 0.0737925 0.181303 0.154387 0.341047 0.269901 0.133134 0.241379 1.47267 0.40773 0.321797 0.392922 5.4401 0.527987 0.370577 0.949021 0.843027 5.29767
38.460510 0.0685792 0.614854 0.358084 0.220015 0.0692448 0.182074 0.152146 0.335152 0.276697 0.129639 0.239922 1.42064 0.398074 0.308813 0.388411 8.45883 0.519397 0.381106 0.984975 0.791634 4.87805
38.702400 0.0678613 0.621121 0.350691 0.231678 0.0695218 0.181551 0.149378 0.323458 0.289016 0.130721 0.237252 1.36244 0.402934 0.30421 0.381299 14.7568 0.5157 0.398202 1.0292 0.742517 4.40394
38.944290 0.0677687 0.627612 0.332578 0.256976 0.0731567 0.180265 0.14621 0.298608 0.312865 0.134773 0.234067 1.28101 0.47133 0.305941 0.372706 28.1133 0.517379 0.436132 1.07957 0.689023 3.95703
39.186180 0.0678024 0.634319 0.290805 0.303396 0.0785441 0.178761 0.142774 0.252118 0.349183 0.140479 0.231005 1.1225 0.672883 0.312227 0.363673 42.9209 0.573509 0.513265 1.11489 0.611318 3.57649
39.428070 0.0679754 0.641278 0.243437 0.34267 0.0846627 0.177425 0.139065 0.213887 0.371133 0.147087 0.228534 0.905171 0.866231 0.321927 0.354937 33.6232 0.706558 0.583092 1.11962 0.533998 3.27006
39.669960 0.0682331 0.648414 0.220282 0.358235 0.091007 0.176363 0.135242 0.202534 0.374087 0.154201 0.226839 0.75268 0.931836 0.334148 0.346707 19.8587 0.808423 0.611183 1.15781 0.505698 3.03182
39.911850 0.0684825 0.655699 0.212277 0.363447 0.0974089 0.175679 0.131433 0.199708 0.371728 0.161686 0.225956 0.665957 0.930328 0.348419 0.339119 12.657 0.870106 0.621047 1.24909 0.51367 2.8517
40.153740 0.0688843 0.663055 0.210379 0.365266 0.103744 0.175317 0.12774 0.197805 0.368489 0.169589 0.22595 0.613792 0.90329 0.364524 0.332059 9.1534 0.911799 0.626133 1.38306 0.544023 2.72337
40.395630 0.0693707 0.670471 0.211507 0.365841 0.110136 0.175455 0.124162 0.195639 0.365149 0.178037 0.226831 0.579647 0.865792 0.382233 0.325444 7.38266 0.943639 0.631062 1.55371 0.593957 2.64686
40.637520 0.0699424 0.677943 0.214777 0.365776 0.116496 0.176176 0.120819 0.19326 0.361858 0.187211 0.228773 0.556234 0.823643 0.401477 0.31929 6.52586 0.970434 0.637202 1.7529 0.66908 2.63084
40.879410 0.0706331 0.685496 0.220211 0.365173 0.122757 0.177892 0.117831 0.191014 0.358608 0.197359 0.232202 0.540361 0.778935 0.422186 0.313958 6.25442 0.9939 0.645521 1.97036 0.784704 2.70193
41.121300 0.0714749 0.693268 0.228296 0.363788 0.128952 0.181731 0.115254 0.189346 0.355256 0.208754 0.237793 0.530639 0.732454 0.444257 0.311177 6.44793 1.01486 0.657869 2.19455 0.972786 2.91832
41.363190 0.0723083 0.7013 0.239793 0.361046 0.135341 0.190321 0.113104 0.189077 0.351557 0.221917 0.24685 0.526305 0.683911 0.467193 0.316616 7.08089 1.03396 0.679253 2.41746 1.28984 3.40413
41.605080 0.0731909 0.709735 0.255642 0.355944 0.142667 0.207963 0.111299 0.191489 0.346932 0.237514 0.26003 0.52695 0.632878 0.489783 0.345965 8.16414 1.05257 0.732307 2.64755 1.7796 4.36117
41.846970 0.0742911 0.718537 0.276672 0.347062 0.152174 0.229909 0.109464 0.198077 0.340523 0.25649 0.269624 0.531719 0.579484 0.509769 0.405563 9.67435 1.07834 0.856625 2.90577 2.26992 5.84547
42.088860 0.0752335 0.727513 0.303336 0.332479 0.16571 0.24066 0.108255 0.210423 0.331092 0.27936 0.266316 0.539364 0.524748 0.523321 0.469222 11.4466 1.13531 1.04342 3.21509 2.47741 7.6214
42.330750 0.0761975 0.736825 0.334692 0.310529 0.184322 0.237714 0.107456 0.229112 0.317356 0.305133 0.252454 0.546896 0.471334 0.525759 0.531476 12.9836 1.27969 1.23623 3.58159 2.40585 9.32509
42.572640 0.0771889 0.74668 0.367489 0.281912 0.206998 0.224995 0.106875 0.252556 0.299135 0.330758 0.233848 0.549688 0.424973 0.513999 0.60048 13.4861 1.55827 1.36651 3.9863 2.17436 10.2267
42.814530 0.0782643 0.757324 0.396906 0.250992 0.229762 0.206768 0.106554 0.276547 0.278927 0.351706 0.217833 0.543793 0.393848 0.490587 0.675693 12.5477 1.91902 1.38724 4.43285 1.93923 9.79357
43.056420 0.0796368 0.769147 0.41983 0.223487 0.249297 0.187645 0.106328 0.297368 0.261393 0.365359 0.210006 0.529537 0.381244 0.462275 0.752718 10.7116 2.2414 1.32418 5.02906 1.8343 8.44748
43.298310 0.080531 0.782154 0.436283 0.202345 0.264752 0.170512 0.106081 0.31396 0.250594 0.371945 0.210199 0.510223 0.383876 0.433313 0.829931 8.81414 2.44534 1.24517 5.97931 1.88059 6.97659
43.540200 0.0817472 0.796236 0.447904 0.1877 0.276931 0.156482 0.105915 0.327009 0.249682 0.371671 0.214893 0.489228 0.396377 0.404184 0.905118 7.30986 2.51357 1.20492 7.47506 2.02881 5.7648
43.782090 0.0829943 0.811284 0.456133 0.179288 0.285976 0.146315 0.105548 0.33763 0.26068 0.36393 0.220474 0.46833 0.414018 0.373861 0.972678 6.27013 2.46283 1.22313 9.43325 2.23029 4.85146
44.023980 0.0844297 0.827806 0.462192 0.17804 0.291212 0.140768 0.105042 0.346631 0.282334 0.348138 0.224873 0.448597 0.431663 0.34391 1.02347 5.62362 2.3279 1.28831 11.0831 2.43574 4.16966
44.265870 0.0861161 0.845671 0.466843 0.183972 0.292327 0.139406 0.10469 0.354572 0.308455 0.326682 0.227727 0.430423 0.443946 0.319255 1.05199 5.24586 2.15981 1.37477 11.3896 2.59278 3.67059
44.507760 0.0881796 0.864965 0.470333 0.193882 0.290776 0.1406 0.104073 0.361428 0.331423 0.305005 0.229275 0.413683 0.448529 0.303686 1.05923 5.03623 2.00053 1.46434 10.3266 2.66773 3.34434
44.749650 0.0906059 0.885752 0.473026 0.204014 0.288623 0.142732 0.103312 0.367653 0.348459 0.287265 0.23021 0.398417 0.447315 0.296011 1.05135 4.93028 1.86628 1.54839 8.72771 2.66974 3.17318
44.991540 0.0933395 0.908784 0.475209 0.212541 0.286991 0.144859 0.102583 0.372893 0.359807 0.274504 0.230873 0.384256 0.442588 0.292736 1.03315 4.90824 1.76179 1.62852 7.23703 2.62073 3.13239
45.233430 0.0964596 0.934712 0.477042 0.219316 0.286003 0.146594 0.10185 0.376559 0.366808 0.266052 0.231338 0.370895 0.435853 0.291056 1.00786 4.97457 1.68879 1.70831 6.04519 2.53705 3.19298
45.475320 0.0997376 0.963574 0.478524 0.224782 0.285442 0.147779 0.101215 0.37826 0.370954 0.260729 0.231528 0.358362 0.427829 0.289478 0.978108 5.1478 1.64425 1.78766 5.1183 2.4246 3.33309
45.717210 0.103129 0.994984 0.479639 0.229404 0.285193 0.148331 0.100838 0.37802 0.373235 0.257764 0.231286 0.346863 0.419419 0.287146 0.9463 5.46036 1.61959 1.86722 4.38483 2.28851 3.54034
45.959100 0.106541 1.02926 0.480404 0.23353 0.285256 0.148267 0.100904 0.37611 0.37413 0.256613 0.230427 0.336308 0.411209 0.283805 0.913285 5.96712 1.6067 1.94526 3.80157 2.13293 3.80325
46.200990 0.109998 1.06785 0.480754 0.237561 0.285503 0.147589 0.101443 0.372493 0.373897 0.256938 0.22873 0.32649 0.403229 0.279313 0.878965 6.81458 1.60177 2.02241 3.33554 1.96008 4.09139
46.442880 0.113504 1.11205 0.480334 0.242539 0.285816 0.146189 0.102601 0.366688 0.372806 0.258825 0.225852 0.318005 0.395114 0.273326 0.843342 8.43171 1.60165 2.10106 2.9539 1.77292 4.33353
46.684770 0.117453 1.16188 0.477959 0.250805 0.286169 0.144239 0.104491 0.359324 0.37135 0.261985 0.221499 0.312375 0.386285 0.266799 0.80722 11.886 1.59019 2.17073 2.65454 1.58653 4.50731
46.926660 0.121728 1.21947 0.467626 0.272619 0.286337 0.141945 0.107485 0.350133 0.369685 0.266408 0.215391 0.315253 0.371689 0.260549 0.769965 21.8269 1.53788 2.20965 2.44748 1.44244 4.62507
47.168550 0.125974 1.28601 0.408249 0.357356 0.285998 0.139683 0.11167 0.342272 0.365033 0.272176 0.207241 0.349687 0.327116 0.25596 0.731685 48.8057 1.38433 2.02025 2.36309 1.63848 4.79167
47.410440 0.131058 1.36209 0.298318 0.454578 0.285091 0.137796 0.116709 0.347459 0.346978 0.27885 0.197553 0.385071 0.27236 0.254307 0.692684 27.0744 1.38135 1.40988 2.25211 2.15101 5.05817
47.652330 0.137537 1.44939 0.267898 0.474248 0.283606 0.136555 0.124682 0.348915 0.331889 0.285667 0.187033 0.386882 0.25947 0.255313 0.653612 11.1767 1.3217 1.06205 2.24511 2.31188 5.26314
47.894220 0.144768 1.55122 0.262869 0.478002 0.281563 0.135798 0.1353 0.347336 0.319772 0.292259 0.176367 0.384171 0.25493 0.257915 0.614668 6.3315 1.20429 0.852006 2.34081 2.36257 5.22708
48.136110 0.153116 1.67212 0.264397 0.478189 0.279142 0.13521 0.150053 0.344871 0.309345 0.298045 0.166268 0.380958 0.25324 0.260726 0.576303 4.33163 1.08331 0.695186 2.50232 2.36133 4.9084
48.378000 0.162149 1.81607 0.268851 0.476972 0.276416 0.134649 0.170855 0.342324 0.300653 0.302686 0.157178 0.377569 0.254168 0.263073 0.539329 3.31616 0.973086 0.570177 2.71345 2.3113 4.39406
48.619890 0.171559 1.98811 0.27541 0.474962 0.273383 0.134079 0.201025 0.339899 0.29372 0.306347 0.149259 0.373625 0.257635 0.265308 0.504058 2.73412 0.875757 0.46842 2.96838 2.21006 3.80396
48.861780 0.181457 2.19738 0.284103 0.472783 0.269918 0.13339 0.246355 0.337689 0.288665 0.308744 0.142728 0.368939 0.263279 0.267154 0.470543 2.37889 0.792541 0.383708 3.26446 2.05673 3.21419
49.103670 0.190243 2.44782 0.294993 0.470722 0.265945 0.132076 0.316809 0.335719 0.28541 0.310359 0.137726 0.362915 0.270507 0.269223 0.439675 2.15456 0.722399 0.311938 3.59931 1.85661 2.66145
49.345560 0.197589 2.74221 0.30849 0.46918 0.2614 0.129135 0.431577 0.333877 0.283726 0.311472 0.134479 0.355073 0.278587 0.271599 0.412183 2.01162 0.665338 0.249716 3.96788 1.62158 2.16751
49.587450 0.206999 3.08151 0.325261 0.468829 0.256093 0.122937 0.626422 0.331971 0.283162 0.312059 0.133405 0.344891 0.286888 0.273443 0.388569 1.92422 0.620958 0.193276 4.3332 1.36986 1.75251
49.829340 0.23439 3.4414 0.346039 0.470272 0.250085 0.110829 0.974836 0.329366 0.282537 0.312879 0.135465 0.331959 0.29556 0.273718 0.369647 1.87491 0.588322 0.139768 4.63927 1.12508 1.42028
50.071230 0.317159 3.74227 0.370733 0.473639 0.243462 0.0893468 1.56293 0.324938 0.279676 0.315105 0.142372 0.316482 0.306135 0.270181 0.35568 1.85233 0.564783 0.0888558 4.76844 0.914032 1.17228
50.313120 0.480421 3.82718 0.397861 0.477911 0.236846 0.0552254 2.28847 0.317381 0.271664 0.320807 0.156701 0.300568 0.322237 0.260405 0.345225 1.84913 0.549045 0.053931 4.69651 0.756423 0.997932
50.555010 0.620048 3.61342 0.422824 0.480605 0.231795 0.0379652 2.39303 0.309677 0.261533 0.326575 0.176132 0.286573 0.343278 0.247094 0.335744 1.85983 0.539607 0.0941743 4.44786 0.66458 0.917664
50.796900 0.574993 3.36318 0.440184 0.47989 0.229756 0.109304 2.05613 0.311554 0.263949 0.322036 0.191042 0.273219 0.360201 0.242897 0.325696 1.88227 0.5349 0.191727 4.02452 0.627424 0.99469
51.038790 0.43231 3.27962 0.447814 0.476023 0.230401 0.197545 1.71187 0.321559 0.278699 0.307964 0.201712 0.268116 0.372792 0.246971 0.309739 1.91424 0.533335 0.297694 3.48613 0.61169 1.20306
51.280680 0.310292 3.1975 0.448277 0.471217 0.231937 0.259615 1.26761 0.330964 0.293626 0.293345 0.208335 0.277745 0.386247 0.250147 0.2914 1.95387 0.534458 0.365404 2.95278 0.602131 1.37285
51.522570 0.22791 3.03086 0.445385 0.467138 0.233202 0.290489 0.917984 0.337791 0.305202 0.280931 0.208478 0.296787 0.400689 0.250631 0.279229 2.00307 0.537578 0.389949 2.46206 0.608322 1.43479
51.764460 0.17725 2.81786 0.441555 0.464228 0.233681 0.30259 0.681867 0.342883 0.313907 0.27036 0.203732 0.3197 0.415199 0.249482 0.273598 2.06296 0.542272 0.388972 2.02025 0.633918 1.41863
52.006350 0.149951 2.59906 0.437839 0.462136 0.233685 0.307072 0.526605 0.3468 0.320592 0.261417 0.197406 0.343092 0.429232 0.2477 0.271313 2.13378 0.549153 0.379936 1.65584 0.669495 1.37057
52.248240 0.138088 2.3959 0.434619 0.460445 0.233643 0.308443 0.42284 0.349914 0.325842 0.253906 0.191091 0.365465 0.442547 0.246106 0.270834 2.21626 0.559134 0.370486 1.36867 0.707462 1.31293
52.490130 0.134511 2.21723 0.431905 0.458883 0.233584 0.308331 0.352481 0.352419 0.330006 0.247444 0.185188 0.386186 0.454996 0.244703 0.271634 2.31431 0.572462 0.363551 1.13544 0.74475 1.25409
52.732020 0.134824 2.0616 0.429746 0.457247 0.233866 0.308123 0.303722 0.354443 0.333416 0.24207 0.180375 0.405255 0.466617 0.243812 0.273057 2.4295 0.590524 0.361145 0.950186 0.777862 1.20092
52.973910 0.136693 1.92523 0.428014 0.455153 0.234684 0.308615 0.269115 0.356039 0.336137 0.237955 0.177036 0.422753 0.477277 0.243704 0.274653 2.55829 0.614264 0.363691 0.809351 0.805142 1.15766
53.215800 0.139573 1.81261 0.426732 0.452815 0.235674 0.30652 0.244775 0.357308 0.338259 0.234369 0.172606 0.439434 0.487633 0.24396 0.277816 2.71111 0.640682 0.366866 0.693555 0.836881 1.09559
53.457690 0.142931 1.71781 0.425759 0.450068 0.23704 0.303126 0.226891 0.3582 0.339888 0.231563 0.167979 0.45573 0.497771 0.244829 0.28189 2.88816 0.67099 0.373652 0.618412 0.870063 1.02475
53.699580 0.146356 1.63758 0.425032 0.446874 0.238809 0.299643 0.214004 0.35873 0.341097 0.229627 0.163994 0.471558 0.507405 0.246361 0.286137 3.09112 0.706524 0.386036 0.59893 0.901328 0.955229
53.941470 0.149501 1.56917 0.424557 0.443172 0.241029 0.297086 0.20508 0.358935 0.341943 0.228697 0.161193 0.486839 0.515916 0.248754 0.289905 3.3191 0.748872 0.404408 0.649438 0.927422 0.892529
54.183360 0.152398 1.50938 0.424356 0.438993 0.243668 0.295601 0.199375 0.358875 0.342469 0.228904 0.159537 0.501939 0.523191 0.252198 0.293118 3.56568 0.800332 0.427994 0.781852 0.948552 0.833798
54.425250 0.154657 1.45532 0.424548 0.434364 0.246826 0.295353 0.19528 0.358652 0.342659 0.230455 0.15898 0.517248 0.528469 0.257128 0.29575 3.8135 0.863983 0.455735 1.02504 0.963839 0.776085
54.667140 0.156004 1.40695 0.425156 0.429404 0.250372 0.295931 0.192766 0.358292 0.342393 0.233391 0.159208 0.532999 0.530959 0.263896 0.2979 4.04451 0.942553 0.4865 1.44804 0.973865 0.717306
54.909030 0.156807 1.36398 0.426018 0.424304 0.253969 0.297132 0.191366 0.357869 0.341529 0.237957 0.160007 0.549575 0.529942 0.273483 0.299559 4.22858 1.03945 0.518889 2.22312 0.979803 0.658844
55.150920 0.157533 1.32568 0.427 0.419311 0.257377 0.298797 0.19049 0.357459 0.339445 0.244791 0.161154 0.566987 0.524051 0.288376 0.300949 4.33846 1.16089 0.551315 3.82649 0.982357 0.604647
55.392810 0.158422 1.2923 0.427773 0.414634 0.260662 0.300625 0.190141 0.357017 0.334555 0.255741 0.162409 0.585252 0.509252 0.314905 0.302201 4.36627 1.32976 0.583373 7.81875 0.981264 0.56324
55.634700 0.16037 1.26471 0.428033 0.407659 0.26808 0.302507 0.189796 0.356685 0.320253 0.277763 0.163543 0.603782 0.467154 0.373806 0.303278 4.26659 1.67603 0.614094 19.96 0.956648 0.575289
55.876590 0.162555 1.24252 0.427606 0.376638 0.307935 0.304507 0.189248 0.356321 0.280002 0.322014 0.164463 0.622546 0.344225 0.488005 0.304168 3.7411 2.63365 0.642595 35.9131 0.803523 0.766378
56.118480 0.165579 1.225 0.426608 0.335067 0.351239 0.30671 0.18915 0.355976 0.257029 0.344222 0.165136 0.640835 0.256649 0.537724 0.3049 3.16872 3.3035 0.669239 17.0341 0.59468 0.944503
56.360370 0.169019 1.21114 0.425051 0.321174 0.362948 0.309302 0.188981 0.355806 0.259238 0.34604 0.165763 0.658131 0.251392 0.538578 0.305401 3.17405 3.35076 0.691289 7.33054 0.498413 1.01972
56.602260 0.172834 1.20008 0.422846 0.318431 0.364822 0.312276 0.188839 0.355764 0.26577 0.344532 0.166289 0.674441 0.260256 0.532961 0.305715 3.4591 3.22848 0.708647 3.99173 0.44998 1.07845
56.844150 0.176834 1.19026 0.420169 0.319673 0.36368 0.315631 0.188698 0.355881 0.273134 0.34234 0.166821 0.689382 0.270748 0.526945 0.305922 3.90885 3.06218 0.720172 2.58573 0.420416 1.14283
57.086040 0.180668 1.18088 0.417326 0.322613 0.361307 0.319496 0.18846 0.356145 0.280644 0.339875 0.167484 0.702929 0.281166 0.521272 0.30602 4.45416 2.887 0.725414 1.89934 0.401674 1.21842
57.327930 0.184425 1.17236 0.414713 0.32588 0.358251 0.323843 0.188107 0.356563 0.287905 0.337257 0.168266 0.715284 0.291051 0.51591 0.305986 4.9973 2.71726 0.726056 1.52472 0.389872 1.30955
57.569820 0.188297 1.1654 0.412478 0.328679 0.354897 0.328582 0.187703 0.357148 0.294708 0.334531 0.169182 0.726472 0.300325 0.510614 0.305834 5.44051 2.56041 0.724356 1.29958 0.382406 1.42106
57.811710 0.192468 1.16013 0.410858 0.330298 0.351343 0.333751 0.187136 0.357885 0.300815 0.33169 0.170267 0.736627 0.308791 0.505292 0.305562 5.65226 2.42086 0.722285 1.15591 0.378016 1.55811
58.053600 0.197068 1.15648 0.410078 0.330012 0.347543 0.339293 0.186412 0.35882 0.305765 0.328761 0.171477 0.745881 0.316067 0.499954 0.305369 5.50772 2.30023 0.722465 1.06211 0.375496 1.72941
58.295490 0.202256 1.15468 0.410051 0.327663 0.343513 0.344987 0.185636 0.359968 0.309283 0.32577 0.172701 0.754311 0.322099 0.494404 0.305375 5.01119 2.19593 0.72637 1.00206 0.373761 1.94933
58.537380 0.208002 1.15458 0.410369 0.323751 0.339196 0.350776 0.184583 0.361276 0.311429 0.322803 0.173976 0.761886 0.327038 0.488358 0.305667 4.30226 2.10402 0.734155 0.970031 0.372564 2.23677
58.779270 0.214388 1.1556 0.410615 0.318777 0.334664 0.356423 0.183518 0.362628 0.312001 0.319798 0.175319 0.768585 0.33094 0.481865 0.306504 3.55581 2.02015 0.745377 0.965237 0.371741 2.61288
59.021160 0.220498 1.15636 0.410405 0.313308 0.329948 0.361927 0.182153 0.363916 0.311013 0.316923 0.176908 0.77434 0.333332 0.474826 0.308108 2.90149 1.94249 0.759459 0.987286 0.371084 3.09696
59.263050 0.226011 1.15629 0.409594 0.30757 0.325248 0.367227 0.180619 0.365092 0.308429 0.314365 0.178908 0.779097 0.334012 0.467054 0.310673 2.38912 1.86856 0.776469 1.036 0.369947 3.70084
59.504940 0.231088 1.1556 0.408077 0.301391 0.320838 0.371755 0.178767 0.366148 0.303999 0.312323 0.18111 0.782752 0.332674 0.458271 0.314594 2.00601 1.7963 0.798634 1.11308 0.365242 4.43668
59.746830 0.236613 1.15582 0.405842 0.294182 0.317175 0.373769 0.176723 0.367031 0.297145 0.310913 0.182626 0.785341 0.329012 0.447814 0.321026 1.712 1.72573 0.832012 1.22568 0.349686 5.34344
59.988720 0.242069 1.15637 0.402991 0.285595 0.315128 0.371212 0.174216 0.367611 0.287564 0.31042 0.183436 0.786819 0.322768 0.435292 0.330829 1.49148 1.65139 0.876088 1.38087 0.336421 6.36713
60.230610 0.246926 1.15632 0.399586 0.275443 0.31627 0.361717 0.171813 0.367967 0.274971 0.311325 0.184569 0.786989 0.313626 0.420852 0.343997 1.33679 1.56921 0.923485 1.58145 0.38994 7.3011
60.472500 0.250894 1.15565 0.395766 0.263379 0.321702 0.343136 0.169809 0.368189 0.25906 0.314111 0.188574 0.785646 0.301161 0.405538 0.360029 1.23542 1.47671 0.961404 1.82223 0.589077 7.92081
60.714390 0.253779 1.15429 0.391603 0.249004 0.331575 0.317569 0.167351 0.368263 0.239471 0.318401 0.199065 0.782726 0.28475 0.391143 0.378063 1.17611 1.37802 0.980577 2.08904 0.915818 8.23448
60.956280 0.255451 1.15249 0.387258 0.232071 0.344774 0.292825 0.164639 0.368084 0.21645 0.322669 0.216481 0.778351 0.264081 0.379154 0.396924 1.15389 1.28159 0.986519 2.34814 1.28854 8.54949
61.198170 0.256537 1.15111 0.382707 0.213227 0.35943 0.274809 0.162076 0.367731 0.192222 0.323046 0.238514 0.772178 0.239985 0.369157 0.416023 1.16631 1.19734 0.990593 2.53147 1.64534 9.15988
61.440060 0.257345 1.15025 0.377996 0.194747 0.373469 0.26328 0.159754 0.367146 0.171642 0.313428 0.265317 0.764043 0.215411 0.358042 0.435666 1.21239 1.14043 0.995968 2.556 1.95829 10.1173
61.681950 0.258156 1.15037 0.373072 0.180089 0.384403 0.256235 0.157515 0.366269 0.161206 0.287401 0.297371 0.753677 0.195014 0.343431 0.455197 1.29222 1.12712 0.995776 2.39982 2.19245 10.9638
61.923840 0.259639 1.15197 0.36814 0.17216 0.38962 0.25416 0.155419 0.365081 0.163916 0.245054 0.329046 0.74103 0.183438 0.32916 0.470036 1.40841 1.16894 0.983777 2.18843 2.28543 10.549
62.165730 0.261377 1.15416 0.363193 0.170913 0.389102 0.256777 0.153404 0.363553 0.175777 0.198844 0.349678 0.726243 0.181643 0.323625 0.475208 1.57157 1.26242 0.970445 2.11046 2.21368 8.52126
62.407620 0.262461 1.15603 0.35835 0.173887 0.386272 0.259992 0.151498 0.361668 0.19056 0.162976 0.356205 0.709278 0.187052 0.327643 0.47203 1.80575 1.39671 0.975412 2.19343 2.04655 6.21746
62.649510 0.262863 1.15791 0.353797 0.178456 0.383694 0.261304 0.149841 0.359387 0.204257 0.140278 0.353801 0.690144 0.196673 0.33596 0.465029 2.14962 1.57395 1.00539 2.36319 1.87071 4.52511
62.891400 0.262498 1.15946 0.34944 0.183052 0.381965 0.261103 0.148439 0.356643 0.215208 0.127159 0.347727 0.668839 0.208636 0.345456 0.457168 2.66435 1.81493 1.0564 2.60858 1.72717 3.43128
63.133290 0.261308 1.16057 0.345223 0.187424 0.380614 0.260458 0.147256 0.353234 0.223289 0.120172 0.340812 0.645418 0.222581 0.355504 0.449634 3.44833 2.15608 1.11951 3.00355 1.62604 2.73208
63.375180 0.260167 1.16227 0.340815 0.192739 0.378929 0.260164 0.146323 0.348712 0.229274 0.117556 0.334404 0.619071 0.239591 0.366165 0.442746 4.64816 2.6539 1.18271 3.71997 1.56768 2.27741
63.617070 0.259825 1.16485 0.335292 0.201988 0.375944 0.260708 0.145658 0.342092 0.234131 0.119575 0.328913 0.588238 0.261198 0.378378 0.436535 6.4065 3.41558 1.23289 5.16255 1.55172 1.9921
63.858960 0.260781 1.16842 0.326717 0.221125 0.369648 0.262334 0.145178 0.331534 0.23828 0.129721 0.324449 0.550477 0.28758 0.394157 0.431064 8.57003 4.60152 1.2505 8.21961 1.56442 1.87049
64.100850 0.264023 1.17408 0.312823 0.257691 0.354729 0.264994 0.145146 0.315125 0.237327 0.156925 0.321061 0.505027 0.311738 0.416834 0.426255 10.0692 6.28815 1.21847 14.0417 1.53353 1.97028
64.342740 0.270111 1.18244 0.295455 0.30869 0.324977 0.2687 0.145401 0.293579 0.216352 0.208586 0.318909 0.459947 0.318434 0.446298 0.422076 10.2457 7.85686 1.15426 18.4214 1.28753 2.34311
64.584630 0.277963 1.19208 0.28481 0.341158 0.298707 0.273265 0.145825 0.269317 0.182471 0.258091 0.318058 0.432552 0.309153 0.466402 0.418596 14.495 7.81712 1.1064 12.5214 0.865507 2.80736
64.826520 0.28744 1.20341 0.308452 0.324256 0.292581 0.278412 0.146491 0.233739 0.180753 0.284486 0.318644 0.441985 0.271198 0.470497 0.415376 34.4205 6.7048 1.08093 5.71981 0.558006 3.23619
65.068410 0.298434 1.21719 0.376478 0.237882 0.295707 0.283736 0.147424 0.162907 0.221632 0.29747 0.321055 0.455595 0.240264 0.465931 0.411862 30.7381 4.83287 0.872682 3.0893 0.755495 3.68143
65.310300 0.308892 1.23178 0.395793 0.197474 0.301571 0.288728 0.149254 0.126974 0.226542 0.304924 0.325685 0.441701 0.2694 0.457334 0.407324 9.05429 3.06976 0.633023 2.78086 0.98501 4.17415
65.552190 0.322447 1.24762 0.399779 0.183213 0.308801 0.293119 0.151923 0.115251 0.218387 0.310312 0.332677 0.438521 0.285472 0.446899 0.400943 3.34791 2.13887 0.492531 2.42083 1.14702 4.73037
65.794080 0.334574 1.26578 0.401593 0.174835 0.317416 0.296699 0.155248 0.109756 0.208788 0.315134 0.341514 0.441005 0.29571 0.435807 0.392268 1.57483 1.63314 0.393727 2.12058 1.32037 5.36594
66.035970 0.346733 1.28541 0.402935 0.169929 0.327368 0.299394 0.15959 0.106569 0.199888 0.319737 0.351095 0.446235 0.30403 0.425178 0.381379 0.911257 1.34346 0.317238 1.91137 1.51335 6.11296
66.277860 0.359278 1.30733 0.404079 0.168442 0.338013 0.301365 0.165093 0.104509 0.192628 0.323815 0.360451 0.452689 0.311353 0.41676 0.368561 0.654795 1.16814 0.259435 1.78398 1.71858 6.93216
66.519750 0.374529 1.33496 0.405157 0.170511 0.347829 0.30237 0.172069 0.102957 0.187731 0.326827 0.369069 0.458791 0.317303 0.412956 0.35356 0.564973 1.04683 0.226291 1.72686 1.92108 7.46267
66.761640 0.393573 1.36981 0.406196 0.17597 0.355404 0.302956 0.180685 0.101674 0.185846 0.329542 0.375627 0.464002 0.321391 0.414937 0.337136 0.537307 0.94743 0.224013 1.74994 2.09239 7.20696
67.003530 0.417282 1.41327 0.40727 0.184272 0.360623 0.303242 0.191243 0.10054 0.187263 0.333273 0.378939 0.467998 0.323026 0.420929 0.322054 0.527111 0.855991 0.235505 1.89001 2.20577 6.23958
67.245420 0.446887 1.46729 0.408461 0.194713 0.364148 0.303405 0.203786 0.0994758 0.191916 0.33821 0.378875 0.470638 0.321571 0.428826 0.310802 0.518855 0.768649 0.241658 2.19482 2.25736 5.12788
67.487310 0.480851 1.52866 0.409834 0.207173 0.366546 0.30377 0.218576 0.0985074 0.200152 0.343561 0.376044 0.473066 0.316869 0.437536 0.304374 0.50982 0.686583 0.238232 2.7309 2.26377 4.21657
67.729200 0.517589 1.59592 0.411323 0.22201 0.36749 0.304809 0.235296 0.0976407 0.212716 0.347825 0.370546 0.475751 0.308656 0.446736 0.303251 0.500155 0.607178 0.227651 3.61625 2.24907 3.57512
67.971090 0.559776 1.67277 0.413074 0.240492 0.365888 0.306984 0.254598 0.0968595 0.230927 0.348723 0.362468 0.478206 0.297235 0.455921 0.307458 0.491467 0.526687 0.212329 5.04924 2.2369 3.14576
68.212980 0.609767 1.76153 0.415143 0.264831 0.359287 0.310486 0.277357 0.096294 0.257172 0.342732 0.351525 0.480358 0.284152 0.4639 0.316452 0.484775 0.442349 0.194193 7.29064 2.25213 2.8609
68.454870 0.665455 1.86203 0.417527 0.298255 0.343392 0.31511 0.3046 0.0956561 0.294921 0.32441 0.337514 0.482711 0.274508 0.468109 0.329363 0.480769 0.352158 0.174507 10.4128 2.30875 2.6571
68.696760 0.72652 1.97216 0.419983 0.340215 0.314434 0.319895 0.33599 0.095271 0.342861 0.288413 0.320651 0.485692 0.278887 0.462755 0.343673 0.474008 0.261245 0.154768 13.2282 2.39315 2.51229
68.938650 0.795948 2.09572 0.422791 0.381143 0.277435 0.3241 0.373734 0.0948998 0.389166 0.239479 0.301898 0.489263 0.301977 0.443923 0.357232 0.452185 0.19015 0.135504 13.3978 2.4557 2.49261
69.180540 0.878542 2.2364 0.42596 0.4115 0.245829 0.327131 0.420441 0.0947179 0.422838 0.193999 0.282837 0.493353 0.331169 0.417276 0.367939 0.415189 0.157125 0.117735 11.1507 2.45114 2.6724
69.422430 0.978999 2.40135 0.429561 0.43127 0.226269 0.328338 0.479101 0.0948143 0.44362 0.163002 0.264641 0.497624 0.354264 0.390907 0.375128 0.372431 0.149904 0.102376 8.68519 2.38825 3.05342
69.664320 1.10707 2.59932 0.433556 0.444794 0.216767 0.327661 0.555345 0.0951145 0.456352 0.146921 0.2479 0.502003 0.369857 0.368001 0.378842 0.33064 0.149903 0.0893242 6.89723 2.28844 3.59377
69.906210 1.26634 2.82725 0.437531 0.454492 0.214465 0.32516 0.651583 0.095626 0.464363 0.143563 0.233001 0.507312 0.379454 0.349079 0.379153 0.293691 0.149608 0.0783835 5.77375 2.16657 4.22554
70.148100 1.46464 3.0898 0.441356 0.461521 0.217243 0.320589 0.771313 0.0963143 0.468943 0.149923 0.220555 0.513524 0.384588 0.334175 0.376391 0.262253 0.147567 0.0687707 5.15204 2.03984 4.86212
70.389990 1.74165 3.41207 0.445175 0.467108 0.223678 0.31431 0.930502 0.0973371 0.470461 0.162192 0.211791 0.519875 0.386386 0.322862 0.370987 0.235152 0.1444 0.059879 4.88354 1.91664 5.41403
70.631880 2.17963 3.83637 0.448986 0.472068 0.232272 0.306694 1.15224 0.0993652 0.468956 0.176903 0.2077 0.526137 0.385693 0.315009 0.363524 0.211408 0.140621 0.0516264 4.87009 1.8009 5.79028
70.873770 2.91879 4.40488 0.45216 0.476945 0.241821 0.298994 1.47176 0.102867 0.464002 0.191696 0.208122 0.532463 0.382701 0.310237 0.354801 0.191309 0.136836 0.0443624 5.09184 1.70496 5.96293
71.115660 4.23031 5.1576 0.453865 0.48218 0.251356 0.292188 1.93873 0.108728 0.455187 0.205337 0.21171 0.539427 0.377542 0.308369 0.346036 0.174863 0.133557 0.0385052 5.60147 1.64297 5.962
71.357550 6.71716 6.13523 0.452573 0.488454 0.260382 0.287097 2.63063 0.118638 0.441616 0.217449 0.216882 0.547715 0.370277 0.309233 0.337831 0.161848 0.131077 0.0346233 6.5134 1.62439 5.84325
71.599440 12.447 7.4354 0.445309 0.49856 0.268794 0.28403 3.79718 0.13806 0.419616 0.228388 0.222198 0.557734 0.360641 0.312729 0.330369 0.151057 0.129975 0.0328865 8.08197 1.66079 5.6562
71.841330 32.4389 9.08544 0.417746 0.523676 0.277202 0.282867 6.572 0.193098 0.371715 0.239978 0.227474 0.570037 0.347477 0.319363 0.323594 0.140905 0.13081 0.0330729 10.9806 1.77672 5.42868
72.083220 68.0312 7.52839 0.272303 0.552001 0.281789 0.270756 15.7393 0.349042 0.299185 0.262735 0.248828 0.589701 0.327582 0.331272 0.315922 0.129605 0.134964 0.0347179 16.9981 2.03391 5.14535
72.325110 17.5502 2.5762 0.115814 0.479811 0.303997 0.252643 41.977 0.34336 0.358497 0.294945 0.288216 0.64671 0.293663 0.352207 0.29616 0.112927 0.145297 0.037351 30.3159 2.61108 4.68693
72.567000 6.80229 3.21991 0.0833844 0.385784 0.380133 0.247649 59.9315 0.30505 0.279017 0.368536 0.35528 0.673752 0.325297 0.351676 0.217647 0.087962 0.161336 0.0408795 40.7538 3.7274 3.64152
72.808890 19.9789 1.81028 0.0914556 0.305422 0.441742 0.237188 18.1288 0.459668 0.245818 0.359742 0.34971 0.581296 0.315629 0.382527 0.239446 0.0874764 0.164736 0.0447807 18.4726 4.39686 2.55571
73.050780 177.407 8.90386 0.431591 0.303292 0.465659 0.233654 5.82263 0.241134 0.229128 0.315206 0.349847 0.561626 0.30965 0.394809 0.245711 0.0978669 0.165322 0.0488237 8.23729 4.42374 2.32568
73.292670 6.85762 7.44979 0.495544 0.286728 0.380016 0.310049 1.41951 0.0824933 0.252264 0.396091 0.28527 0.555631 0.310252 0.398271 0.248304 0.106273 0.169924 0.0529269 5.50703 4.29892 2.49202
73.534560 2.5113 5.86705 0.499118 0.290027 0.360656 0.31781 0.876181 0.0720442 0.253912 0.397217 0.278943 0.553765 0.312813 0.399088 0.249752 0.113931 0.177733 0.0572083 4.50374 4.14158 2.88577
73.776450 1.79075 4.85616 0.498346 0.293788 0.349351 0.321559 0.661526 0.0691577 0.2549 0.393764 0.277286 0.553381 0.31591 0.399162 0.250799 0.12207 0.187957 0.0617158 4.02567 3.98092 3.57112
74.018340 1.47055 4.17193 0.495662 0.297217 0.341631 0.324338 0.549512 0.0678029 0.255908 0.39068 0.276292 0.553341 0.318953 0.399165 0.252036 0.131268 0.199939 0.0667662 3.79128 3.82838 4.64158
74.260230 1.26001 3.68978 0.491618 0.300343 0.336271 0.326406 0.482231 0.0670452 0.256937 0.388981 0.275297 0.552776 0.321765 0.399348 0.253804 0.142043 0.212915 0.0725603 3.70752 3.68931 5.90674
74.502120 1.1101 3.33479 0.486588 0.303369 0.332895 0.327747 0.439061 0.0665573 0.257962 0.388636 0.274367 0.551402 0.324293 0.399821 0.25624 0.154622 0.226861 0.0791053 3.74705 3.56816 6.81768
74.744010 0.995837 3.06381 0.48079 0.306523 0.331044 0.328398 0.409965 0.0662951 0.259026 0.389391 0.273658 0.549083 0.326605 0.400679 0.259203 0.169497 0.242423 0.0858305 3.91769 3.46416 6.90987
74.985900 0.906599 2.84901 0.474424 0.310044 0.329909 0.328676 0.390069 0.0662676 0.260244 0.391153 0.27311 0.545806 0.32895 0.401986 0.262436 0.187228 0.260356 0.0922699 4.24955 3.3752 6.31778
75.227790 0.83453 2.67091 0.467716 0.314269 0.328769 0.328919 0.376606 0.0664561 0.261812 0.393742 0.272507 0.541875 0.331855 0.403409 0.265771 0.208835 0.281521 0.0984145 4.81404 3.291 5.44604
75.469680 0.778538 2.52571 0.46113 0.319734 0.326562 0.329243 0.368243 0.0669007 0.264385 0.396607 0.271613 0.537059 0.336146 0.404281 0.269239 0.235851 0.305706 0.104252 5.76096 3.20148 4.59545
75.711570 0.740609 2.41449 0.455087 0.327446 0.322147 0.32951 0.364507 0.0676903 0.269582 0.398432 0.270304 0.530647 0.34352 0.40295 0.273052 0.271467 0.331285 0.109844 7.37672 3.09277 3.92829
75.953460 0.718214 2.32889 0.449714 0.339056 0.313349 0.329651 0.364228 0.0688697 0.281791 0.395951 0.268427 0.522785 0.358024 0.395627 0.277203 0.323133 0.354034 0.115582 10.0991 2.92632 3.50587
76.195350 0.705511 2.25805 0.44519 0.355407 0.298041 0.329559 0.365442 0.070534 0.310604 0.380605 0.265739 0.514176 0.385924 0.374817 0.28168 0.405152 0.362174 0.121919 13.4087 2.62518 3.35301
76.437240 0.703936 2.20095 0.441711 0.369222 0.283848 0.328895 0.367632 0.0728181 0.355857 0.346436 0.262061 0.504624 0.422145 0.341154 0.286545 0.521195 0.347963 0.129593 12.8371 2.19326 3.39991
76.679130 0.715143 2.16106 0.43925 0.372902 0.281708 0.327164 0.371078 0.0758243 0.391755 0.313662 0.256932 0.493553 0.447295 0.316136 0.291582 0.654365 0.340238 0.139693 8.68888 1.82786 3.45414
76.921020 0.744001 2.14054 0.438047 0.371935 0.285142 0.323608 0.37532 0.079663 0.412221 0.29442 0.249677 0.480738 0.461782 0.303981 0.296481 0.818509 0.352402 0.154039 5.69104 1.58521 3.48814
77.162910 0.787591 2.1328 0.437873 0.370213 0.288753 0.316792 0.379339 0.084758 0.424389 0.283674 0.238895 0.466238 0.472256 0.297442 0.300089 1.05509 0.375469 0.176203 4.03745 1.4069 3.52677
77.404800 0.847782 2.13408 0.439026 0.368201 0.291387 0.303418 0.383566 0.0918187 0.432255 0.277051 0.2218 0.450543 0.48186 0.292832 0.299106 1.43238 0.402788 0.210743 3.0831 1.25067 3.56403
77.646690 0.936052 2.15215 0.441749 0.36579 0.293092 0.278637 0.388077 0.10183 0.436878 0.272326 0.195084 0.432582 0.491317 0.288663 0.288292 2.07307 0.430459 0.259129 2.49301 1.09165 3.56847
77.888580 1.05307 2.17821 0.446365 0.362017 0.293878 0.245737 0.393001 0.117185 0.438128 0.268335 0.162422 0.412708 0.501175 0.284564 0.270556 3.297 0.457243 0.321023 2.09797 0.930124 3.60557
78.130470 1.20732 2.21225 0.453707 0.355518 0.293773 0.224638 0.399244 0.1431 0.433901 0.264464 0.138702 0.390434 0.511552 0.280355 0.270515 5.95164 0.482979 0.415835 1.82227 0.81522 4.01395
78.372360 1.41685 2.25596 0.465089 0.343962 0.292599 0.22671 0.408032 0.191434 0.416701 0.260271 0.133384 0.367151 0.521063 0.275957 0.307993 12.4489 0.517494 0.583572 1.6248 0.762639 5.21444
78.614250 1.69694 2.30678 0.477779 0.330444 0.290054 0.235539 0.420453 0.283744 0.360275 0.255058 0.147092 0.361743 0.517111 0.271516 0.356198 26.0543 0.621192 0.782306 1.45548 0.744003 7.25268
78.856140 2.07702 2.35862 0.46981 0.34613 0.285331 0.239732 0.438903 0.386791 0.242928 0.247154 0.175699 0.412712 0.469015 0.267427 0.383174 26.827 0.81731 0.850182 1.26446 0.888166 10.3529
79.098030 2.58801 2.40856 0.450667 0.374901 0.275962 0.248048 0.466485 0.425656 0.154934 0.232592 0.214636 0.462504 0.410893 0.265075 0.397201 14.1946 0.874394 0.835893 1.19261 1.1628 16.4674
79.339920 3.27425 2.45289 0.440981 0.390279 0.252705 0.269645 0.506321 0.430942 0.119711 0.196275 0.267271 0.48852 0.370066 0.273743 0.399282 7.62349 0.760842 0.89702 1.36026 1.3984 31.0819
79.581810 4.2046 2.48802 0.438891 0.396756 0.195931 0.310718 0.563877 0.424994 0.111308 0.122408 0.324994 0.5037 0.339492 0.341601 0.349208 4.69482 0.351226 1.07907 2.00903 1.23648 36.1598
79.823700 5.44602 2.50878 0.441492 0.398112 0.188958 0.310768 0.641527 0.413339 0.115931 0.182794 0.313703 0.514266 0.314567 0.400365 0.28403 3.21981 0.26473 1.06656 2.69772 0.99917 16.3879
80.065590 7.07414 2.51114 0.447725 0.395464 0.19563 0.299937 0.743739 0.397024 0.127889 0.234065 0.298239 0.522279 0.293532 0.415342 0.262348 2.36968 0.360279 1.00756 3.34025 1.05913 13.1046
80.307480 9.17056 2.48992 0.456847 0.389308 0.194744 0.290617 0.873444 0.375795 0.144814 0.269739 0.289145 0.528775 0.275657 0.419594 0.252332 1.82664 0.41319 0.962588 4.04233 1.1904 11.4791
80.549370 11.7299 2.43885 0.468647 0.37948 0.187087 0.281814 1.0329 0.349107 0.165902 0.30004 0.282798 0.534179 0.260753 0.41926 0.245743 1.45407 0.451834 0.926929 4.76577 1.36049 10.6648
80.791260 14.5699 2.34922 0.482248 0.36585 0.173077 0.272701 1.22104 0.316626 0.190339 0.327843 0.277106 0.538804 0.248217 0.41595 0.240701 1.18275 0.487687 0.893753 5.42504 1.56211 10.3962
81.033150 17.0741 2.21749 0.495187 0.348941 0.155465 0.262718 1.42057 0.280339 0.21586 0.353276 0.270103 0.542972 0.237154 0.410555 0.236683 0.9733 0.529508 0.859081 5.91413 1.79376 10.583
81.275040 18.6064 2.03806 0.506297 0.32793 0.138164 0.250678 1.63092 0.241211 0.242542 0.376162 0.261288 0.546768 0.225967 0.403714 0.233563 0.804598 0.583352 0.81783 6.1333 2.03864 11.0746
81.516930 18.358 1.8197 0.512696 0.304028 0.132959 0.235279 1.82473 0.205832 0.267508 0.39449 0.249873 0.55045 0.213729 0.395814 0.23193 0.66609 0.653244 0.763927 6.00373 2.26507 11.6863
