#t 0-1 0-2 0-3 0-4 0-5 0-6 1-2 1-3 1-4 1-5 1-6 2-3 2-4 2-5 2-6 3-4 3-5 3-6 4-5 4-6 5-6
.241890 0.115796 0.239614 0.29429 0.379369 0.24714 0.262021 0.628396 0.530323 0.286295 0.387733 0.310833 0.997828 1.8049 0.448121 0.736659 6.28729 1.4528 0.734882 1.21695 1.95623 37.7604
.483780 0.109757 0.243165 0.28991 0.385223 0.239786 0.258922 0.616374 0.510457 0.294043 0.372318 0.303478 0.934119 1.76741 0.425078 0.772136 5.59964 1.50615 0.694704 1.25703 1.98104 29.4712
.725670 0.101697 0.246595 0.283935 0.392199 0.23387 0.251487 0.608924 0.484922 0.29876 0.359209 0.287808 0.87416 1.71049 0.429319 0.795289 4.95516 1.55214 0.684387 1.32228 2.01222 23.9491
.967560 0.0921788 0.250085 0.277316 0.40047 0.227224 0.241425 0.604463 0.456808 0.300492 0.346922 0.268554 0.823944 1.63718 0.445071 0.814488 4.38105 1.6015 0.686413 1.41515 2.04997 19.8908
1.209450 0.0818552 0.253947 0.271388 0.410039 0.218791 0.229405 0.600378 0.428792 0.299674 0.335853 0.248095 0.792285 1.55513 0.460844 0.833304 3.89464 1.66222 0.685522 1.52999 2.09319 16.5506
1.451340 0.0715946 0.258611 0.267595 0.420433 0.208787 0.215205 0.59255 0.40334 0.297179 0.327637 0.227074 0.792738 1.4814 0.46701 0.852239 3.50537 1.7401 0.667788 1.64861 2.13649 13.5577
1.693230 0.0620493 0.264667 0.266978 0.430572 0.19905 0.197783 0.577647 0.382046 0.293729 0.323892 0.205218 0.841527 1.44744 0.457092 0.867602 3.21577 1.83948 0.626787 1.74573 2.16276 10.7443
1.935120 0.0537793 0.273102 0.270001 0.438466 0.19282 0.176234 0.55311 0.365917 0.290147 0.324995 0.182875 0.960778 1.50127 0.429864 0.870442 3.02134 1.95838 0.565752 1.80551 2.14377 8.0567
2.177010 0.0473384 0.285411 0.275921 0.441631 0.19261 0.1511 0.516191 0.35517 0.287491 0.329638 0.162207 1.17637 1.69155 0.394694 0.849616 2.91636 2.09251 0.501652 1.84094 2.04984 5.63216
2.418900 0.0428211 0.303478 0.283697 0.437247 0.198522 0.125695 0.466878 0.349641 0.286938 0.335638 0.147001 1.51199 2.04445 0.374291 0.797437 2.89813 2.24178 0.457418 1.91203 1.87744 3.66098
2.660790 0.039856 0.329375 0.291998 0.422584 0.208417 0.106209 0.40551 0.348027 0.289981 0.341321 0.140759 1.94601 2.5377 0.402748 0.716399 2.98757 2.41241 0.442103 2.11157 1.65935 2.24671
2.902680 0.0380501 0.363973 0.299773 0.394853 0.220417 0.099109 0.333515 0.346807 0.297384 0.345484 0.144318 2.31037 3.057 0.510949 0.622002 3.27956 2.61247 0.440257 2.57071 1.44659 1.3633
3.144570 0.0373019 0.404339 0.307822 0.351507 0.233677 0.105386 0.257318 0.340082 0.30816 0.346915 0.155041 2.28535 3.35163 0.705796 0.542361 3.87755 2.84068 0.426147 3.56839 1.28211 0.957199
3.386460 0.0372506 0.443431 0.317703 0.29299 0.24831 0.119416 0.188955 0.325472 0.32007 0.342535 0.168873 1.87807 3.16703 0.973668 0.503422 4.59538 3.04223 0.387353 5.87747 1.18246 0.971523
3.628350 0.0375598 0.475607 0.326928 0.227689 0.261205 0.135108 0.138255 0.310024 0.336932 0.322374 0.182482 1.60429 2.50173 1.31502 0.50414 5.32649 2.92826 0.336583 10.7751 1.10499 1.30505
3.870240 0.0384193 0.499832 0.33175 0.199242 0.248084 0.149382 0.106266 0.303129 0.362348 0.275833 0.194126 1.59204 1.64376 1.54026 0.528449 6.45632 1.97767 0.2934 11.5473 0.955942 1.97656
4.112130 0.0396133 0.51776 0.331619 0.223215 0.203429 0.161767 0.0892746 0.30915 0.368483 0.235035 0.203292 1.62864 1.21645 1.31728 0.570427 7.66838 1.03551 0.269762 5.34673 0.958594 3.3023
4.354020 0.041163 0.531247 0.327203 0.250277 0.16052 0.173008 0.083011 0.327933 0.356661 0.207382 0.209383 1.65734 1.13583 0.932297 0.65255 8.50169 0.554369 0.296936 2.25201 1.15395 7.63149
4.595910 0.0426488 0.541707 0.321416 0.273156 0.140859 0.170677 0.083293 0.351014 0.338911 0.200531 0.20001 1.69539 1.13252 0.486153 0.765532 8.20366 0.223363 0.382572 0.907056 1.28643 14.0583
4.837800 0.0441726 0.549991 0.319423 0.289175 0.158361 0.143538 0.0872212 0.36778 0.326406 0.211751 0.176301 1.75395 1.13211 0.404763 0.633366 7.05267 0.245955 0.313736 1.06744 0.899891 5.26952
5.079690 0.0459169 0.556569 0.322275 0.299006 0.166889 0.129878 0.092985 0.376859 0.321739 0.216342 0.163245 1.82698 1.1245 0.442809 0.484606 5.89238 0.341448 0.238249 1.48298 0.603735 2.77785
5.321580 0.0476348 0.56165 0.327982 0.305181 0.170886 0.127098 0.0994757 0.38103 0.322121 0.217969 0.156999 1.90274 1.11433 0.469476 0.379799 5.01657 0.40785 0.192068 1.99829 0.432036 2.05147
5.563470 0.0493688 0.565386 0.334589 0.309399 0.172795 0.130472 0.106036 0.382216 0.325065 0.217789 0.154524 1.96937 1.10429 0.490008 0.310095 4.406 0.459917 0.164381 2.64816 0.338141 1.72899
5.805360 0.0510737 0.568024 0.340862 0.312554 0.173348 0.136484 0.112116 0.381471 0.329143 0.216103 0.153889 2.01947 1.09675 0.507394 0.266296 3.99307 0.503771 0.14697 3.38872 0.297239 1.532
6.047250 0.0527149 0.569743 0.345903 0.315334 0.172706 0.142833 0.117379 0.379392 0.333787 0.212948 0.1539 2.04905 1.094 0.520979 0.240587 3.72522 0.537508 0.1357 4.07734 0.286359 1.38104
6.289140 0.0542184 0.570874 0.349315 0.318259 0.170846 0.148221 0.121682 0.376396 0.338771 0.208314 0.153912 2.05777 1.09849 0.528541 0.225932 3.56798 0.556355 0.128089 4.52569 0.283366 1.24845
6.531030 0.0556421 0.571662 0.35084 0.321615 0.167805 0.151909 0.124832 0.372629 0.343993 0.202309 0.153615 2.04769 1.11156 0.528577 0.217272 3.4977 0.557066 0.122345 4.62008 0.275674 1.12653
6.772920 0.0569057 0.572311 0.350437 0.32544 0.163826 0.153291 0.126792 0.36828 0.349212 0.195219 0.152755 2.02295 1.13339 0.521575 0.211683 3.49641 0.542213 0.117142 4.41369 0.260769 1.01338
7.014810 0.058075 0.572818 0.348211 0.329366 0.159227 0.151354 0.12772 0.363417 0.354119 0.187468 0.150872 1.98903 1.16281 0.509621 0.208547 3.54483 0.516952 0.11187 4.06079 0.241173 0.909795
7.256700 0.0590535 0.573283 0.344511 0.332911 0.154368 0.143491 0.12758 0.358092 0.358406 0.17948 0.147065 1.95223 1.19801 0.495243 0.2103 3.6217 0.48666 0.10704 3.70865 0.219995 0.819701
7.498590 0.0600322 0.573692 0.339804 0.33565 0.149464 0.125716 0.126508 0.352126 0.361941 0.17173 0.14151 1.91905 1.23702 0.480471 0.223085 3.69313 0.454812 0.103871 3.44822 0.200923 0.772868
7.740480 0.0610938 0.57401 0.3348 0.33699 0.144679 0.10746 0.124662 0.345612 0.364585 0.164686 0.141406 1.89986 1.27693 0.4671 0.243959 3.72351 0.424962 0.0998283 3.32629 0.194684 0.82997
7.982370 0.0619006 0.574248 0.330409 0.336529 0.140304 0.103418 0.122163 0.338987 0.366313 0.159057 0.149241 1.90658 1.31381 0.457512 0.259743 3.67377 0.401835 0.0905898 3.38081 0.207556 0.94392
8.224260 0.0624773 0.574334 0.327445 0.333804 0.136866 0.108119 0.118955 0.332385 0.366992 0.155844 0.159798 1.95384 1.34268 0.455047 0.269402 3.52257 0.392247 0.077397 3.68494 0.231664 1.04827
8.466150 0.0632001 0.574193 0.32653 0.328682 0.135172 0.116025 0.115076 0.326308 0.366515 0.156151 0.170575 2.05941 1.35881 0.464918 0.274122 3.28146 0.405424 0.0656947 4.44061 0.262021 1.11664
8.708040 0.0640618 0.57354 0.327953 0.321061 0.136386 0.124865 0.11089 0.321115 0.364607 0.16103 0.180495 2.2436 1.35783 0.496497 0.274042 2.98783 0.457345 0.0644432 6.32359 0.300889 1.13819
8.949930 0.0647181 0.572053 0.331869 0.309921 0.143671 0.133434 0.10679 0.31677 0.360064 0.173049 0.18895 2.52823 1.32787 0.576733 0.270016 2.67072 0.606594 0.0764018 12.6434 0.371338 1.11118
9.191820 0.065423 0.569149 0.338615 0.276126 0.188308 0.141017 0.103453 0.313005 0.332218 0.225056 0.195625 2.94199 1.13657 0.893942 0.26494 2.14113 1.26712 0.0928087 53.6696 0.656051 0.944973
9.433710 0.0658864 0.56397 0.349226 0.165616 0.282131 0.147315 0.102152 0.309284 0.215273 0.341912 0.200364 3.51605 0.529917 1.34458 0.264239 0.645912 2.1951 0.10358 18.3899 1.09383 0.318456
9.675600 0.0665524 0.554968 0.364753 0.159631 0.278086 0.15222 0.105129 0.304784 0.212116 0.348401 0.203311 4.27529 0.574746 1.33201 0.275291 0.437733 2.09959 0.103837 3.1805 1.12834 0.256579
9.917490 0.0670332 0.540296 0.386716 0.16834 0.266484 0.155943 0.115015 0.298181 0.225926 0.34598 0.204865 5.17699 0.670923 1.30674 0.304086 0.593415 1.98387 0.0971662 1.18616 1.18155 0.280184
10.159380 0.067523 0.518444 0.415096 0.180267 0.253645 0.158968 0.132888 0.288038 0.243089 0.342482 0.205741 6.03197 0.77162 1.29286 0.350336 0.927469 1.89005 0.110456 0.700458 1.26805 0.319561
10.401270 0.0679637 0.489768 0.446759 0.194092 0.240481 0.161934 0.156384 0.273689 0.262119 0.338968 0.206813 6.51708 0.881037 1.29669 0.409279 1.5328 1.80966 0.173608 0.570176 1.37562 0.37647
10.643160 0.0682221 0.457407 0.476263 0.209802 0.22753 0.165476 0.180608 0.256209 0.282598 0.335899 0.20885 6.42342 1.04948 1.31468 0.478405 2.74262 1.73564 0.275617 0.562709 1.48441 0.45629
10.885050 0.0681725 0.425355 0.498758 0.228535 0.215228 0.170102 0.201606 0.237878 0.304455 0.333156 0.212138 5.85338 1.46204 1.3331 0.563155 6.09819 1.6619 0.392144 0.615232 1.57473 0.562773
11.126940 0.0683259 0.395483 0.503014 0.270589 0.20422 0.175914 0.218106 0.222102 0.326992 0.330906 0.216508 4.89445 2.7404 1.33679 0.678871 41.3697 1.52671 0.462014 0.832582 1.64306 0.698024
11.368830 0.0686091 0.366427 0.258737 0.529676 0.194759 0.183157 0.231877 0.346837 0.213394 0.329044 0.221622 4.2811 4.44915 1.30674 0.846973 12.4377 0.64469 1.53546 1.60729 0.819126 0.864395
11.610720 0.0690151 0.336271 0.286429 0.533032 0.186939 0.191965 0.248552 0.367513 0.200263 0.327284 0.227265 7.86473 3.60271 1.21987 1.077 6.76005 0.853298 1.44038 1.53944 0.917135 1.06701
11.852610 0.0697181 0.308884 0.309132 0.532943 0.180819 0.202189 0.274895 0.378379 0.191636 0.325415 0.23318 10.4262 2.86762 1.07493 1.3123 5.50752 1.04635 1.23754 1.47996 1.05422 1.31702
12.094500 0.0708561 0.294582 0.318398 0.529963 0.176257 0.213751 0.304747 0.383339 0.185792 0.32339 0.239493 9.76192 2.35768 0.935047 1.45641 4.96768 1.17748 1.03204 1.41532 1.1941 1.64176
12.336390 0.0728027 0.29408 0.315468 0.524821 0.173295 0.226057 0.32617 0.390688 0.18313 0.320927 0.246633 7.76641 2.06041 0.857335 1.49496 4.62366 1.23567 0.90144 1.34444 1.32724 2.11275
12.578280 0.0757415 0.301105 0.306003 0.518313 0.172728 0.238314 0.334996 0.403543 0.184399 0.317772 0.25542 6.0534 1.87867 0.842819 1.46348 4.37011 1.24793 0.842559 1.27402 1.44378 2.86293
12.820170 0.0804639 0.311376 0.293946 0.511345 0.176005 0.249297 0.331941 0.421927 0.191195 0.313895 0.266691 4.85714 1.75214 0.871185 1.39112 4.16972 1.23855 0.828557 1.22063 1.53262 3.98462
13.062060 0.0866664 0.322647 0.282446 0.504437 0.184621 0.257867 0.322927 0.445326 0.204551 0.309703 0.280596 4.05125 1.65536 0.918759 1.29875 4.00227 1.22556 0.837918 1.20324 1.58491 5.34446
13.303950 0.0948056 0.333966 0.274935 0.498221 0.198065 0.263806 0.319216 0.472444 0.223314 0.306158 0.296553 3.50458 1.57866 0.9654 1.20445 3.86056 1.22121 0.858248 1.22876 1.60197 6.64708
13.545840 0.104323 0.344677 0.273 0.492842 0.21348 0.267753 0.329859 0.501332 0.244302 0.304152 0.313404 3.12339 1.51795 0.999968 1.12088 3.73741 1.22848 0.882807 1.28554 1.59584 7.69844
13.787730 0.114481 0.354631 0.275616 0.488264 0.227725 0.270593 0.352664 0.529866 0.26431 0.303923 0.329888 2.84377 1.46991 1.02 1.0533 3.63084 1.242 0.908891 1.3585 1.5821 8.51716
14.029620 0.124219 0.363766 0.280419 0.484259 0.238919 0.272719 0.378736 0.556371 0.281876 0.305095 0.345032 2.62356 1.43042 1.02683 1.0014 3.54124 1.25475 0.934935 1.43631 1.57156 9.2223
14.271510 0.132949 0.37239 0.285515 0.480682 0.246623 0.274089 0.401034 0.57983 0.29733 0.307062 0.358212 2.43669 1.39435 1.02308 0.962571 3.47108 1.2626 0.960851 1.51585 1.57135 9.94534
14.513400 0.140221 0.380749 0.290042 0.477516 0.251126 0.274558 0.416791 0.599833 0.311861 0.309311 0.369014 2.2687 1.35641 1.01074 0.934164 3.41781 1.26475 0.986954 1.59658 1.58556 10.8047
14.755290 0.145795 0.388893 0.293831 0.47471 0.252919 0.273852 0.425901 0.616295 0.326847 0.311325 0.377137 2.11304 1.31206 0.9914 0.913823 3.37276 1.26132 1.01352 1.67774 1.61665 11.9455
14.997180 0.149539 0.396659 0.297299 0.472315 0.252724 0.271741 0.428984 0.62954 0.343383 0.312773 0.382398 1.96961 1.25918 0.966024 0.899792 3.32387 1.25339 1.04018 1.75664 1.66573 13.5612
15.239070 0.151944 0.403889 0.299914 0.470222 0.250725 0.268019 0.42835 0.639424 0.362072 0.313278 0.384156 1.84134 1.19639 0.935982 0.890535 3.24854 1.24038 1.06483 1.82707 1.73372 16.0163
15.480960 0.152555 0.410113 0.302554 0.468467 0.247804 0.26249 0.424703 0.646296 0.383189 0.312768 0.382336 1.72984 1.1258 0.901909 0.885103 3.14406 1.22447 1.08633 1.88319 1.8188 20.0427
15.722850 0.151773 0.415175 0.30495 0.467113 0.244168 0.255012 0.419236 0.650563 0.406506 0.311352 0.376488 1.6355 1.04858 0.862505 0.883898 3.00374 1.20864 1.10067 1.91674 1.92071 27.4397
15.964740 0.149944 0.419095 0.306939 0.466284 0.239977 0.245532 0.41256 0.652704 0.431616 0.309489 0.365969 1.55709 0.966235 0.807925 0.894433 2.83161 1.20483 1.09562 1.90947 2.04605 43.8773
16.206630 0.147421 0.421977 0.308522 0.466219 0.234908 0.234247 0.404779 0.653226 0.458032 0.311992 0.346036 1.49245 0.880055 0.649143 0.976818 2.63715 1.2935 0.971977 1.74279 2.27164 88.0159
16.448520 0.14435 0.423952 0.309183 0.466816 0.221677 0.228527 0.39667 0.652655 0.485011 0.338331 0.294402 1.43891 0.79292 0.526216 1.00565 2.43332 1.41426 0.754644 1.75513 2.29494 123.153
16.690410 0.141209 0.424841 0.30879 0.467737 0.207709 0.222184 0.388515 0.652027 0.510043 0.319014 0.285686 1.39579 0.715474 0.620285 0.89703 2.24332 1.34437 0.836748 1.92884 2.10399 55.4072
16.932300 0.137802 0.424586 0.307378 0.468517 0.195803 0.213958 0.3797 0.65167 0.531385 0.299278 0.275041 1.36075 0.655909 0.589446 0.8545 2.08492 1.3428 0.791816 1.88718 1.98564 35.5865
17.174190 0.13425 0.423194 0.30471 0.468681 0.187306 0.20415 0.370504 0.65159 0.546696 0.28307 0.261175 1.33064 0.621753 0.52923 0.821782 1.97074 1.35085 0.718081 1.75237 1.84371 26.4126
17.416080 0.130582 0.4206 0.300386 0.467624 0.183499 0.193 0.361246 0.651904 0.554401 0.27315 0.244561 1.30422 0.6144 0.457616 0.786879 1.90777 1.35699 0.634813 1.56688 1.66621 20.689
17.657970 0.126521 0.416799 0.294792 0.465028 0.184432 0.181147 0.351198 0.652125 0.553205 0.2704 0.226429 1.28005 0.630228 0.385689 0.745223 1.90034 1.35585 0.551467 1.37674 1.45852 16.3917
17.899860 0.122067 0.411941 0.287943 0.460894 0.188545 0.169792 0.340591 0.651934 0.543028 0.273627 0.208826 1.2595 0.661955 0.323271 0.696002 1.95069 1.34808 0.476607 1.22011 1.23435 12.8665
18.141750 0.116967 0.406256 0.280261 0.455129 0.19414 0.16033 0.330295 0.650887 0.523918 0.280236 0.19421 1.24538 0.703891 0.277986 0.640873 2.06238 1.33471 0.414728 1.11597 1.01091 9.92679
18.383640 0.11109 0.400047 0.272838 0.447733 0.199841 0.154048 0.320595 0.64844 0.496209 0.288269 0.184656 1.24273 0.752831 0.254112 0.58395 2.24186 1.31861 0.36671 1.06168 0.807744 7.52483
18.625530 0.104165 0.393692 0.267056 0.438297 0.204954 0.151546 0.313394 0.64413 0.460515 0.296523 0.180865 1.25944 0.807332 0.249748 0.530628 2.4935 1.30284 0.32973 1.04411 0.644978 5.5468
18.867420 0.0961333 0.387684 0.265283 0.426468 0.209131 0.152766 0.30954 0.637822 0.418336 0.305014 0.181314 1.307 0.867325 0.260171 0.485918 2.81538 1.28919 0.299657 1.05068 0.545084 3.77742
19.109310 0.0870816 0.382642 0.26939 0.411783 0.212249 0.157166 0.310042 0.629347 0.372439 0.314453 0.182872 1.39754 0.932499 0.281351 0.452742 3.18317 1.27704 0.281197 1.07212 0.530541 2.91039
19.351200 0.0775044 0.37924 0.27971 0.394173 0.213729 0.164618 0.312806 0.619084 0.326962 0.325972 0.182212 1.54029 1.00145 0.312878 0.431085 3.54201 1.25737 0.309898 1.09484 0.615498 8.00262
19.593090 0.0681143 0.37819 0.293945 0.374432 0.211892 0.176341 0.313712 0.607688 0.286993 0.338262 0.180975 1.73622 1.07078 0.357158 0.417643 3.80982 1.20085 0.459078 1.08491 0.812725 20.9518
19.834980 0.0597722 0.38021 0.307596 0.354421 0.206087 0.19166 0.308225 0.595611 0.257 0.342357 0.195041 1.9693 1.13562 0.409516 0.413822 3.91277 1.07411 0.69904 1.01351 1.09064 30.7399
20.076870 0.0528737 0.385812 0.316474 0.336476 0.20273 0.203053 0.29317 0.583542 0.239146 0.339029 0.220724 2.20268 1.18961 0.456283 0.432015 3.83997 0.954842 0.864773 0.969008 1.34021 25.4274
20.318760 0.0474996 0.394759 0.318075 0.322275 0.20448 0.2084 0.268622 0.571468 0.232332 0.338652 0.239917 2.3783 1.22592 0.499487 0.468722 3.64782 0.924262 0.932651 1.01598 1.549 17.742
20.560650 0.043668 0.405925 0.311926 0.312433 0.208919 0.210238 0.236826 0.558427 0.233623 0.342215 0.251943 2.4355 1.23654 0.544556 0.510647 3.42262 0.97832 0.951105 1.14408 1.7523 12.5935
20.802540 0.0410709 0.41747 0.299571 0.306726 0.214417 0.20979 0.203041 0.54318 0.240382 0.347541 0.259852 2.35067 1.21829 0.593698 0.548344 3.24174 1.1013 0.948161 1.35501 1.966 9.32842
21.044430 0.0392933 0.427655 0.283196 0.304369 0.220182 0.207131 0.172207 0.524831 0.250922 0.352831 0.265272 2.15351 1.17375 0.647377 0.573435 3.15255 1.28798 0.934752 1.6793 2.1904 7.17791
21.286320 0.0382204 0.435341 0.264648 0.30463 0.22581 0.201091 0.147979 0.503357 0.264429 0.35712 0.26915 1.90391 1.11272 0.705513 0.579001 3.18531 1.54158 0.916232 2.17832 2.40721 5.76411
21.528210 0.0375798 0.440241 0.245261 0.30652 0.230973 0.186676 0.130895 0.478985 0.280281 0.359874 0.271266 1.65175 1.0471 0.766198 0.552315 3.37153 1.86942 0.902061 2.95103 2.55076 4.98451
21.770100 0.0372391 0.442694 0.225869 0.309102 0.235397 0.150165 0.121139 0.452512 0.297635 0.360526 0.260426 1.42418 0.991894 0.827303 0.474306 3.76814 2.27544 0.944703 4.12348 2.35922 4.89821
22.011990 0.0369947 0.443137 0.20728 0.311803 0.238496 0.12969 0.117269 0.424654 0.315582 0.358734 0.219571 1.22672 0.961152 0.884933 0.451908 4.4674 2.74453 1.06377 5.74939 1.71594 4.92603
22.253880 0.0369551 0.441998 0.190814 0.314942 0.238937 0.136105 0.117823 0.395592 0.333585 0.353719 0.19733 1.04995 0.965569 0.934319 0.478382 5.55532 3.22161 1.12293 7.61244 1.55038 4.89491
22.495770 0.0369932 0.439847 0.178738 0.319346 0.234615 0.139722 0.121581 0.365071 0.353265 0.344742 0.197413 0.882952 1.00458 0.975719 0.501504 6.80312 3.56321 1.06588 9.15785 1.72533 5.14428
22.737660 0.0372073 0.437045 0.178054 0.323054 0.223543 0.14499 0.127398 0.329111 0.378947 0.330425 0.21662 0.734419 1.05195 1.01185 0.540441 6.58327 3.48921 0.860063 9.79443 1.94159 5.88266
22.979550 0.0376308 0.433884 0.215824 0.307774 0.205165 0.157065 0.134128 0.292401 0.404231 0.310771 0.254443 0.748013 1.01605 1.03348 0.615393 16.5583 3.57957 1.149 8.73669 1.7822 7.45343
23.221440 0.0380458 0.430547 0.272304 0.269121 0.181663 0.179003 0.141558 0.30583 0.388082 0.29229 0.307121 0.944598 0.87759 1.00556 0.747564 21.9313 4.09756 1.99023 6.01743 1.03183 10.3874
23.463330 0.038514 0.427254 0.294675 0.247383 0.15782 0.210306 0.149445 0.33682 0.341813 0.303013 0.357258 1.06889 0.860259 0.869282 0.963907 15.2825 3.38223 2.44564 4.17841 1.64157 13.2289
23.705220 0.039029 0.424107 0.295371 0.236434 0.178694 0.220883 0.157957 0.361555 0.278593 0.404333 0.339956 1.15571 0.968808 0.720839 1.14096 11.7286 2.68815 2.33864 4.58321 2.10492 9.65144
23.947110 0.0396265 0.421214 0.278318 0.243588 0.227181 0.206402 0.16726 0.384193 0.268148 0.476214 0.2992 1.24841 1.19391 0.830014 1.11688 10.885 2.17475 1.86131 4.16484 2.03988 11.3943
24.189000 0.0403471 0.418661 0.244219 0.278882 0.248354 0.197412 0.177673 0.416826 0.332898 0.480698 0.280663 1.42556 1.49934 0.925507 1.06145 9.30302 1.65715 1.57256 2.70052 2.12167 10.2724
24.430890 0.0410506 0.416314 0.212888 0.311076 0.256365 0.192661 0.1904 0.470975 0.383238 0.469497 0.271804 1.85832 1.7991 0.983801 1.00845 5.98549 1.32593 1.42512 2.12239 1.90137 9.38318
24.672780 0.041625 0.413658 0.201115 0.328253 0.260152 0.189578 0.207665 0.539424 0.410925 0.458481 0.266914 2.76887 2.07599 1.01654 0.956739 3.60945 1.13139 1.28438 1.87919 1.68249 8.8377
24.914670 0.0421927 0.408348 0.208269 0.336954 0.262187 0.18682 0.23809 0.611572 0.426386 0.449169 0.263706 4.81661 2.30766 1.02711 0.9046 2.57491 0.985517 1.14456 1.75846 1.54493 8.51527
25.156560 0.0427964 0.385937 0.249646 0.342115 0.263062 0.183643 0.331875 0.663478 0.433718 0.440942 0.261139 10.1339 2.31067 1.01214 0.863664 2.45385 0.860017 1.01002 1.70828 1.47497 8.36182
25.398450 0.043759 0.299992 0.351504 0.346017 0.2629 0.179659 0.599212 0.58216 0.433848 0.433126 0.258774 10.9224 1.66628 0.920422 0.869032 2.99969 0.811837 0.848755 1.7007 1.45232 8.37653
25.640340 0.0457125 0.241459 0.39731 0.34976 0.261574 0.174837 0.800194 0.489361 0.427431 0.425076 0.257283 4.19895 1.2489 0.788131 0.845913 3.20114 0.793156 0.730948 1.71028 1.46274 8.59251
25.882230 0.0500494 0.229496 0.406849 0.353912 0.258647 0.16959 0.933391 0.480574 0.415695 0.415856 0.25834 2.12993 1.13953 0.687757 0.808489 3.11503 0.728866 0.657387 1.71323 1.50112 9.10068
26.124120 0.059359 0.229691 0.407588 0.358647 0.253283 0.165567 1.05634 0.50049 0.400472 0.403776 0.265628 1.35939 1.0856 0.599837 0.783602 2.89434 0.64411 0.608425 1.68516 1.57247 10.0819
26.366010 0.0780227 0.233219 0.403552 0.363604 0.242983 0.167343 1.17521 0.528424 0.384065 0.38455 0.28627 0.990935 1.04543 0.506882 0.77918 2.61181 0.54801 0.587352 1.5926 1.69672 11.8426
26.607900 0.113356 0.237323 0.394094 0.368357 0.218972 0.18717 1.27505 0.557638 0.368845 0.344936 0.333168 0.864876 1.01546 0.37933 0.800586 2.32468 0.430487 0.601898 1.35642 1.91648 14.1373
26.849790 0.180447 0.24046 0.376611 0.372179 0.158317 0.235111 1.31185 0.587462 0.35754 0.266666 0.405202 1.00651 1.00108 0.262004 0.812747 2.06842 0.309003 0.627254 0.967966 2.17243 12.2929
27.091680 0.323815 0.241528 0.34819 0.374004 0.109737 0.261038 1.16546 0.628072 0.355336 0.248672 0.428269 1.57066 1.02194 0.378104 0.744898 1.88336 0.349809 0.586301 1.16402 2.14513 9.41972
27.333570 0.729452 0.250136 0.350662 0.372228 0.114506 0.266309 0.474582 0.758653 0.387201 0.28312 0.422403 3.34761 1.18791 0.449097 0.71336 2.17422 0.412438 0.556446 1.60892 2.11982 6.64822
27.575460 2.15915 0.261111 0.699935 0.374311 0.137026 0.275331 1.27529 1.71326 0.714741 0.308639 0.457676 9.71122 2.91971 0.531343 0.678501 11.4159 0.571111 0.591634 3.71484 2.9032 5.52892
27.817350 1.71478 0.565586 0.505285 0.320351 0.149915 0.245927 1.83397 2.24856 0.579746 0.342619 0.43592 5.27879 5.36928 0.538829 0.453186 38.665 1.51389 1.005 3.51766 1.89757 4.46093
28.059240 1.08113 0.878835 0.446345 0.312277 0.164441 0.22872 3.59082 2.12558 0.647148 0.366804 0.392605 1.43795 4.69345 0.504781 0.40148 23.0917 2.17884 1.1728 2.29333 0.924866 3.46567
28.301130 0.740575 0.98584 0.420869 0.321142 0.178882 0.218165 4.57724 2.01912 0.79488 0.38588 0.35706 1.42376 3.65515 0.497024 0.368005 10.4534 2.25966 1.04708 1.89045 0.635309 2.79259
28.543020 0.52952 1.02379 0.406801 0.323272 0.19183 0.208966 5.1725 1.95631 0.83732 0.40218 0.324401 1.60349 3.04804 0.503286 0.340987 6.33434 2.31771 0.942957 1.7899 0.54563 2.33085
28.784910 0.38726 1.03446 0.397133 0.322963 0.203019 0.197902 5.51234 1.90085 0.845693 0.41542 0.290109 1.65443 2.67798 0.515375 0.318377 4.69396 2.41265 0.86601 1.78291 0.520778 2.01237
29.026800 0.286885 1.03579 0.389464 0.32202 0.212364 0.176411 5.7096 1.84406 0.842907 0.424625 0.247545 1.64005 2.42788 0.5272 0.302737 3.93051 2.52335 0.785641 1.79946 0.566228 1.80696
29.268690 0.217606 1.03675 0.382859 0.320949 0.219595 0.146453 5.84754 1.78621 0.838583 0.428535 0.336939 1.5972 2.24408 0.534936 0.350527 3.55805 2.62433 0.589845 1.80792 0.847883 1.56303
29.510580 0.18144 1.04058 0.377223 0.319952 0.224781 0.191821 5.96822 1.72859 0.836343 0.426678 0.478699 1.54289 2.10181 0.537791 0.383947 3.41113 2.70608 0.562316 1.80028 0.966409 1.29656
29.752470 0.185143 1.04926 0.372551 0.319168 0.227885 0.206579 6.09734 1.67276 0.838549 0.418559 0.513382 1.48675 1.98883 0.535304 0.373818 3.4227 2.75964 0.611028 1.77659 0.999462 1.30409
29.994360 0.221687 1.06141 0.369145 0.318485 0.229123 0.213098 6.21504 1.62 0.842546 0.405347 0.531956 1.42934 1.90273 0.528532 0.359482 3.59518 2.78631 0.660296 1.75549 1.02975 1.3808
30.236250 0.26712 1.07257 0.36701 0.317896 0.229042 0.21714 6.26443 1.57123 0.839743 0.389828 0.544298 1.35872 1.84704 0.519808 0.34722 3.98314 2.80235 0.704188 1.76663 1.05793 1.47474
30.478140 0.299176 1.07883 0.365973 0.317372 0.228452 0.220147 6.20833 1.52762 0.820219 0.374943 0.550824 1.26192 1.8237 0.510386 0.33995 4.69333 2.82119 0.735454 1.82332 1.0808 1.55979
30.720030 0.310417 1.07855 0.365567 0.316839 0.227688 0.22261 6.04498 1.49077 0.778218 0.361573 0.551673 1.13539 1.82815 0.499332 0.337565 5.90997 2.83143 0.751595 1.91172 1.09363 1.62457
30.961920 0.30459 1.07202 0.36619 0.316014 0.226993 0.224801 5.79585 1.46065 0.711989 0.348903 0.547369 0.982196 1.85082 0.484221 0.338033 7.97178 2.80442 0.758779 2.01493 1.09329 1.67274
31.203810 0.289979 1.06113 0.368372 0.314517 0.226098 0.226718 5.49354 1.4388 0.619878 0.336037 0.539961 0.808981 1.88162 0.464232 0.339364 11.5037 2.69922 0.772175 2.13407 1.07483 1.7142
31.445700 0.273937 1.04875 0.372353 0.311941 0.224816 0.228487 5.17274 1.42337 0.503312 0.322157 0.53061 0.642286 1.90401 0.440269 0.33979 17.3473 2.46704 0.814852 2.29248 1.02709 1.759
31.687590 0.259969 1.03728 0.376555 0.30995 0.222987 0.229957 4.86472 1.39318 0.425322 0.307191 0.520555 0.643759 1.87002 0.413854 0.33861 23.9657 2.0483 0.908842 2.49845 0.926806 1.81507
31.929480 0.24849 1.02772 0.376117 0.31434 0.22071 0.231245 4.58271 1.29793 0.54485 0.291463 0.510022 0.957278 1.70026 0.386849 0.335607 22.1364 1.51704 1.02394 2.63249 0.779008 1.88762
32.171370 0.238134 1.0184 0.371412 0.324384 0.218051 0.232114 4.3062 1.15564 0.719238 0.276235 0.498276 1.27347 1.44799 0.361703 0.331423 13.1532 1.16369 1.08433 2.55828 0.675176 1.97379
32.413260 0.227085 1.00546 0.368159 0.333165 0.215412 0.232539 4.00142 1.02899 0.816892 0.262719 0.484304 1.45922 1.22678 0.340475 0.326608 7.34484 1.00698 1.09244 2.3659 0.648669 2.06798
32.655150 0.2169 0.986666 0.367625 0.339662 0.212905 0.232419 3.64641 0.92662 0.859694 0.251578 0.468006 1.56318 1.05231 0.324327 0.321402 4.84125 0.920336 1.07545 2.15172 0.670927 2.16909
32.897040 0.211225 0.962481 0.368981 0.344822 0.210474 0.231697 3.253 0.840318 0.873586 0.242839 0.450146 1.62228 0.911354 0.312869 0.315433 3.81969 0.853376 1.04588 1.94697 0.720853 2.28646
33.138930 0.212017 0.934343 0.371537 0.349438 0.208164 0.230355 2.85397 0.765299 0.871659 0.236543 0.431591 1.65115 0.795362 0.304989 0.308326 3.35004 0.79539 1.00885 1.76068 0.786703 2.43955
33.380820 0.218653 0.90714 0.374556 0.353785 0.20584 0.228382 2.48382 0.701015 0.861902 0.232622 0.413612 1.66023 0.701751 0.299046 0.300127 3.07806 0.746073 0.966086 1.59185 0.857658 2.66323
33.622710 0.228592 0.882802 0.377682 0.358032 0.203791 0.225693 2.16055 0.645991 0.848639 0.231458 0.396023 1.65493 0.627533 0.293603 0.291304 2.88297 0.706922 0.917564 1.43853 0.926579 3.00431
33.864600 0.239634 0.861227 0.380722 0.362438 0.202397 0.22192 1.88188 0.598028 0.834117 0.233994 0.378052 1.63835 0.569689 0.287641 0.282624 2.72578 0.680005 0.861545 1.29978 0.988409 3.52695
34.106490 0.251173 0.841235 0.383561 0.367133 0.202277 0.216597 1.63614 0.555052 0.819154 0.241809 0.358251 1.61232 0.527012 0.280391 0.275402 2.59791 0.668312 0.795474 1.1766 1.03787 4.30251
34.348380 0.262857 0.821517 0.386026 0.372328 0.204323 0.208978 1.415 0.515694 0.804075 0.256892 0.334408 1.57711 0.498927 0.271036 0.271506 2.49929 0.674726 0.716465 1.07507 1.06915 5.33803
34.590270 0.274135 0.802094 0.387981 0.378145 0.209207 0.198285 1.21827 0.479581 0.789368 0.280212 0.303578 1.53325 0.48418 0.258136 0.272982 2.43121 0.698314 0.620957 1.0073 1.0731 6.35855
34.832160 0.284526 0.783579 0.389389 0.384432 0.21646 0.184913 1.04829 0.446522 0.775085 0.308726 0.264893 1.48148 0.480034 0.240833 0.28072 2.39256 0.729485 0.511794 0.987474 1.04021 6.58942
35.074050 0.293424 0.766411 0.390235 0.39102 0.223573 0.171821 0.905344 0.416262 0.761447 0.334266 0.224316 1.42283 0.483593 0.221635 0.292141 2.38092 0.751419 0.408331 1.01035 0.973261 5.54286
35.315940 0.300758 0.750544 0.390484 0.397755 0.228744 0.162424 0.786589 0.388725 0.748349 0.35169 0.191914 1.3583 0.492481 0.204862 0.304901 2.39746 0.759089 0.333123 1.04923 0.893752 3.9805
35.557830 0.306182 0.73588 0.3901 0.404516 0.232501 0.158112 0.689456 0.363946 0.736323 0.36258 0.171884 1.2901 0.504397 0.192366 0.319787 2.44074 0.762016 0.289773 1.0865 0.822778 2.71208
35.799720 0.309685 0.722197 0.389039 0.411153 0.235934 0.159758 0.611761 0.341747 0.725523 0.37013 0.164348 1.21975 0.517838 0.183665 0.339078 2.51174 0.770225 0.269267 1.12095 0.770746 1.86212
36.041610 0.311199 0.709453 0.387399 0.417522 0.239641 0.170152 0.550975 0.321806 0.715895 0.376292 0.170789 1.14873 0.531772 0.177878 0.363284 2.61024 0.788944 0.26081 1.15683 0.741869 1.28732
36.283500 0.310939 0.697694 0.385335 0.423481 0.243834 0.192252 0.503812 0.303966 0.70719 0.381923 0.19418 1.0784 0.545557 0.174244 0.382153 2.73328 0.820229 0.248505 1.19851 0.732719 0.824882
36.525390 0.309066 0.686707 0.383018 0.428881 0.248498 0.210414 0.467051 0.288134 0.699016 0.387314 0.217652 1.00941 0.558676 0.172192 0.369969 2.87709 0.865233 0.221919 1.25036 0.712555 0.427233
36.767280 0.305377 0.675856 0.380458 0.433918 0.253544 0.21391 0.436918 0.274112 0.690964 0.392687 0.225448 0.941291 0.571391 0.171425 0.350226 3.04338 0.925519 0.206772 1.31647 0.690558 0.204818
37.009170 0.299416 0.664543 0.377702 0.43842 0.258934 0.213907 0.41095 0.261893 0.682436 0.39783 0.228583 0.873287 0.583983 0.17175 0.34346 3.23447 1.004 0.206773 1.40129 0.684631 0.105615
37.251060 0.291095 0.65283 0.374829 0.442371 0.264679 0.214046 0.38719 0.251882 0.673022 0.40296 0.231793 0.8062 0.596651 0.173096 0.346458 3.44954 1.10397 0.215641 1.51092 0.689662 0.0737161
37.492950 0.28038 0.640969 0.372007 0.445532 0.270683 0.214546 0.364805 0.244362 0.662196 0.407914 0.235775 0.741727 0.609091 0.175583 0.355594 3.68144 1.23021 0.230139 1.6538 0.700943 0.0856093
37.734840 0.267394 0.629233 0.369276 0.447759 0.276984 0.215234 0.342611 0.23935 0.649732 0.412752 0.240501 0.681656 0.621153 0.179486 0.368825 3.91923 1.38919 0.248084 1.84157 0.716265 0.112621
37.976730 0.252264 0.617525 0.366535 0.448962 0.283613 0.215943 0.320197 0.236553 0.635323 0.417616 0.245918 0.626987 0.633061 0.185162 0.385612 4.16386 1.59115 0.268156 2.09227 0.734818 0.142668
38.218620 0.235022 0.605577 0.363612 0.449096 0.290407 0.216554 0.296871 0.235587 0.618478 0.422006 0.251958 0.577556 0.645582 0.19311 0.405966 4.43665 1.85153 0.289828 2.42902 0.756274 0.173832
38.460510 0.215597 0.593095 0.360082 0.448209 0.29722 0.216897 0.271998 0.23594 0.598614 0.425453 0.258589 0.533513 0.659507 0.203924 0.430307 4.77034 2.19235 0.311819 2.88075 0.780885 0.207786
38.702400 0.194364 0.580138 0.355101 0.446531 0.303772 0.216757 0.245024 0.2367 0.575069 0.427249 0.265667 0.496036 0.675591 0.218712 0.458868 5.21308 2.64402 0.330787 3.4762 0.809205 0.247141
38.944290 0.171901 0.566923 0.347294 0.444881 0.309605 0.216001 0.215449 0.237448 0.547407 0.42636 0.272998 0.46635 0.694833 0.239022 0.49158 5.86078 3.24544 0.340912 4.22396 0.842369 0.294835
39.186180 0.149166 0.553499 0.334861 0.444731 0.313704 0.214484 0.184275 0.240086 0.514973 0.421325 0.28042 0.443583 0.719416 0.266517 0.528719 6.87722 4.03057 0.335081 5.05792 0.881973 0.353488
39.428070 0.127183 0.539746 0.316787 0.447768 0.31457 0.212226 0.157536 0.25046 0.476017 0.410161 0.287809 0.426157 0.752844 0.301678 0.571124 8.25763 4.97988 0.305542 5.77218 0.929585 0.424415
39.669960 0.107781 0.525984 0.29583 0.453736 0.311096 0.20928 0.153648 0.275224 0.428293 0.391509 0.294994 0.415583 0.79965 0.342288 0.619897 9.19003 5.90835 0.25136 6.09621 0.984562 0.50519
39.911850 0.092762 0.513014 0.280649 0.458817 0.304045 0.205749 0.185449 0.310714 0.373589 0.366403 0.30175 0.418204 0.865614 0.38285 0.676024 8.34495 6.4414 0.19409 6.03756 1.0453 0.588889
40.153740 0.0826809 0.502114 0.276118 0.460693 0.295591 0.20178 0.23468 0.343619 0.321652 0.33847 0.307904 0.440356 0.961744 0.417683 0.740551 6.08798 6.35006 0.165141 5.9237 1.11914 0.66804
40.395630 0.0764442 0.49427 0.277537 0.460574 0.287368 0.197361 0.276979 0.36734 0.281445 0.311771 0.313322 0.48642 1.10536 0.443364 0.815706 3.90958 5.80285 0.164843 5.86898 1.22466 0.741983
40.637520 0.072257 0.49031 0.279783 0.458835 0.279668 0.19242 0.300809 0.382928 0.255102 0.288728 0.317751 0.567122 1.31826 0.459515 0.904582 2.43464 5.09603 0.178565 5.6859 1.38341 0.822794
40.879410 0.0688416 0.491306 0.280998 0.453205 0.273001 0.18715 0.304701 0.392873 0.241385 0.270168 0.321044 0.712358 1.62763 0.470722 1.01109 1.6023 4.4206 0.202615 5.20419 1.62842 0.952799
41.121300 0.0657619 0.498664 0.281324 0.439801 0.268312 0.182199 0.290615 0.399165 0.238486 0.256078 0.32291 1.00293 2.06146 0.493472 1.13903 1.20061 3.85371 0.240336 4.45144 2.02815 1.24208
41.363190 0.0627484 0.513878 0.281576 0.413552 0.266239 0.179609 0.26123 0.403042 0.244433 0.246657 0.322766 1.71608 2.61847 0.564879 1.29219 1.01938 3.40761 0.298205 3.67577 2.74909 1.97447
41.605080 0.0600433 0.535952 0.284631 0.367536 0.266542 0.185172 0.218681 0.405275 0.256299 0.244687 0.318002 4.76306 3.16899 0.751339 1.48335 0.902174 3.0639 0.390939 3.51623 4.17967 3.8036
41.846970 0.0576332 0.287567 0.562089 0.292228 0.269612 0.207596 0.386778 0.207949 0.269169 0.259754 0.298996 60.6102 1.45745 2.77931 0.69599 3.07218 1.15977 1.69309 4.53163 6.35395 6.27241
42.088860 0.0556785 0.27131 0.591861 0.207086 0.273716 0.22223 0.405662 0.118079 0.283627 0.27618 0.267718 4.7744 0.796308 2.7234 0.400422 2.88254 1.16211 1.90973 2.80029 5.74231 4.72657
42.330750 0.0546384 0.271721 0.602026 0.16783 0.273941 0.207466 0.406214 0.079432 0.294688 0.275887 0.24277 3.13745 0.892373 2.60813 0.239362 2.72556 1.08575 1.53842 1.62952 3.5047 2.3651
42.572640 0.0539202 0.271725 0.6001 0.171169 0.276401 0.184132 0.406153 0.0755858 0.296648 0.274683 0.215942 2.72974 1.09102 2.51231 0.155838 3.55699 1.03152 1.02182 1.20952 2.21456 1.17469
42.814530 0.0536038 0.271969 0.580863 0.222311 0.280533 0.153499 0.405937 0.111257 0.287427 0.276021 0.177409 2.72539 1.3285 2.43622 0.130431 6.84162 1.02379 0.631402 1.05052 1.50103 0.60076
43.056420 0.0536682 0.27246 0.52853 0.323503 0.285478 0.118987 0.405464 0.171158 0.259279 0.27927 0.135933 3.0591 1.53135 2.37097 0.152662 12.3795 1.01312 0.510354 1.05964 1.07521 0.309267
43.298310 0.0542959 0.273242 0.445327 0.428131 0.290924 0.12618 0.404721 0.227486 0.215022 0.283696 0.147942 3.75273 1.64899 2.31046 0.188626 14.5111 1.00251 0.652923 1.14789 0.866934 0.337105
43.540200 0.0549716 0.27424 0.368939 0.494338 0.296811 0.137915 0.403681 0.261419 0.175862 0.288718 0.164703 4.74897 1.72697 2.24904 0.216866 12.4374 1.03376 0.728223 1.23773 0.733678 0.410157
43.782090 0.0555568 0.275133 0.31548 0.530076 0.30303 0.145216 0.402349 0.278896 0.150083 0.293883 0.175624 5.93991 1.80393 2.18321 0.24311 10.0353 1.10937 0.734076 1.30695 0.652409 0.465131
44.023980 0.0560662 0.275449 0.280176 0.550533 0.309244 0.149948 0.400147 0.288053 0.134372 0.298701 0.183039 7.17102 1.88847 2.11477 0.266946 8.44399 1.20792 0.71003 1.35837 0.605028 0.505241
44.265870 0.05639 0.275179 0.256865 0.563443 0.315381 0.152928 0.397281 0.292886 0.124946 0.302683 0.187926 8.28223 1.98659 2.04877 0.286086 7.5835 1.31095 0.675666 1.39373 0.57607 0.534223
44.507760 0.0564586 0.274433 0.241679 0.57183 0.321142 0.154374 0.393713 0.294916 0.119659 0.305272 0.190605 9.17659 2.11018 1.99232 0.299276 7.29936 1.40788 0.640209 1.41322 0.557089 0.554915
44.749650 0.0561532 0.273712 0.232421 0.576659 0.326115 0.154368 0.389568 0.294717 0.117531 0.306009 0.191196 9.85425 2.28202 1.95088 0.307414 7.55656 1.49776 0.607966 1.41724 0.543886 0.570148
44.991540 0.055463 0.273645 0.228146 0.577979 0.329991 0.152981 0.384925 0.292605 0.118204 0.304608 0.18986 10.3602 2.54004 1.92731 0.312666 8.49634 1.58635 0.580483 1.4061 0.534793 0.581648
45.233430 0.0544103 0.275055 0.229854 0.575038 0.332688 0.150356 0.379737 0.288579 0.122098 0.30107 0.186835 10.7195 2.95427 1.92495 0.3172 10.6529 1.68245 0.557711 1.37959 0.530679 0.588849
45.475320 0.0532947 0.279205 0.243496 0.564819 0.33434 0.146705 0.373702 0.281952 0.131338 0.295701 0.18243 10.9168 3.67955 1.94805 0.322819 15.7995 1.79949 0.535513 1.33264 0.537707 0.588756
45.717210 0.0519209 0.288432 0.297987 0.529876 0.335264 0.142289 0.365978 0.267984 0.155493 0.289031 0.177123 10.8092 5.18808 2.00036 0.331462 31.276 1.96769 0.488122 1.23759 0.581776 0.576548
45.959100 0.0505721 0.308819 0.485663 0.343383 0.335789 0.137256 0.354141 0.2105 0.231184 0.281444 0.171185 9.77813 8.64276 2.07651 0.344696 45.1321 2.07694 0.311352 1.3174 0.712939 0.54826
46.200990 0.0494558 0.360454 0.533586 0.176834 0.3361 0.131818 0.327921 0.200037 0.26235 0.273416 0.164781 14.9399 9.28163 2.13342 0.357456 16.6995 1.97057 0.350634 1.87361 0.750862 0.50421
46.442880 0.0486443 0.493159 0.418056 0.158397 0.336402 0.126329 0.237492 0.293368 0.25947 0.265175 0.158034 28.8002 5.83281 1.9084 0.336795 15.236 2.41962 0.463004 2.28933 0.82346 0.452402
46.684770 0.0477951 0.588597 0.262379 0.16046 0.336522 0.121454 0.102151 0.358987 0.254113 0.256898 0.150995 14.1326 2.73076 1.4595 0.331027 15.3458 3.1286 0.583757 2.90703 0.969815 0.407119
46.926660 0.0472498 0.598171 0.231806 0.169281 0.335979 0.118097 0.0617631 0.364349 0.250756 0.248383 0.143976 5.52164 2.86879 1.33514 0.400632 15.7091 3.88554 0.726641 4.29009 1.20101 0.380565
47.168550 0.0469804 0.59384 0.232049 0.189589 0.331837 0.116944 0.0631523 0.360408 0.254171 0.237442 0.137319 3.08215 2.97164 1.25928 0.504336 17.8634 5.13378 0.95829 9.23309 1.48844 0.428307
47.410440 0.0470501 0.585575 0.237646 0.271996 0.282041 0.117301 0.0760403 0.352457 0.272694 0.218453 0.131121 2.35572 2.76384 1.56765 0.616423 26.1163 8.54846 1.36741 31.4847 1.33001 1.19771
47.652330 0.0474967 0.573467 0.325243 0.262418 0.226028 0.116833 0.0965874 0.265815 0.329412 0.256021 0.124882 2.44953 1.99633 2.18703 0.700428 43.9651 10.2226 0.961578 16.5503 1.71893 1.67443
47.894220 0.0484042 0.556869 0.336715 0.284725 0.230713 0.113423 0.125138 0.253585 0.302076 0.299787 0.118243 2.11013 2.71175 1.63546 0.731245 6.59356 5.58792 0.43659 10.3369 2.31609 1.13236
48.136110 0.0494462 0.536491 0.337594 0.323852 0.23402 0.107623 0.159119 0.249087 0.287412 0.321079 0.111504 1.92927 2.9046 1.06592 0.712256 2.36803 3.68473 0.241661 3.97632 2.20358 0.720227
48.378000 0.0505793 0.515311 0.334494 0.362439 0.236123 0.101478 0.193341 0.246162 0.289036 0.327788 0.105222 1.68636 2.75543 0.735325 0.663402 1.22163 2.61958 0.167372 2.02026 1.80994 0.657276
48.619890 0.0517279 0.496638 0.326962 0.395292 0.237648 0.096527 0.221928 0.246072 0.298132 0.329521 0.10005 1.46343 2.44278 0.550169 0.60114 0.941396 1.98218 0.166465 1.44932 1.40483 0.717102
48.861780 0.0532023 0.482244 0.315439 0.421052 0.239045 0.0937136 0.240514 0.25089 0.312092 0.32973 0.0976934 1.36053 2.08978 0.442894 0.534009 0.863726 1.57209 0.178211 1.21866 1.06792 0.812117
49.103670 0.0553779 0.47239 0.301661 0.440301 0.240326 0.0945451 0.246871 0.262287 0.330559 0.329577 0.102609 1.40998 1.76478 0.376973 0.466436 0.805967 1.29322 0.18301 1.08519 0.804641 0.950848
49.345560 0.0600392 0.466033 0.289361 0.454095 0.24161 0.101627 0.242294 0.281777 0.353681 0.32941 0.124008 1.60014 1.49272 0.334084 0.406208 0.752403 1.09591 0.185458 0.990173 0.611486 1.18629
49.587450 0.0683485 0.462071 0.283662 0.464154 0.2429 0.116882 0.232371 0.311025 0.381144 0.329545 0.172737 1.9264 1.27417 0.304621 0.38613 0.708677 0.951268 0.214274 0.916316 0.51548 1.64371
49.829340 0.0809059 0.459121 0.290579 0.471761 0.244318 0.134213 0.22495 0.351953 0.412518 0.330111 0.245756 2.39293 1.09971 0.284122 0.481814 0.677897 0.840939 0.326297 0.856804 0.579907 2.59585
50.071230 0.097365 0.456545 0.31246 0.477864 0.245727 0.138614 0.229318 0.406129 0.446646 0.331035 0.300364 2.9846 0.95898 0.270955 0.642945 0.659948 0.752952 0.481626 0.80807 0.727175 4.9408
50.313120 0.116538 0.454558 0.346999 0.483354 0.247037 0.136262 0.251284 0.473385 0.481737 0.332327 0.318462 3.61389 0.843743 0.26601 0.74282 0.654111 0.680003 0.59707 0.76693 0.824775 33.0101
50.555010 0.136466 0.455074 0.388206 0.489179 0.139093 0.248457 0.301379 0.550644 0.51608 0.31949 0.334058 4.10027 0.745651 0.781264 0.267605 0.657666 0.68266 0.615871 0.879691 0.732135 6.68907
50.796900 0.155566 0.463318 0.431125 0.496776 0.153071 0.249344 0.399625 0.634426 0.550331 0.314286 0.335704 4.25196 0.654816 0.778459 0.2755 0.664312 0.756506 0.558859 0.924751 0.701866 3.02383
51.038790 0.172482 0.489652 0.473634 0.508421 0.181049 0.249769 0.576657 0.723956 0.58741 0.306036 0.337303 4.03076 0.561778 0.743862 0.285133 0.671213 0.829234 0.507335 0.988453 0.676314 2.00954
51.280680 0.184691 0.55426 0.516722 0.528452 0.22759 0.249555 0.887929 0.824775 0.633951 0.29612 0.33855 3.57 0.457624 0.678979 0.29377 0.701704 0.913561 0.461242 1.10437 0.656118 1.59458
51.522570 0.185216 0.701547 0.564464 0.566127 0.300392 0.248276 1.47115 0.954199 0.703006 0.286679 0.339078 3.03911 0.351932 0.577076 0.300717 0.924218 1.04069 0.420548 1.31411 0.645579 1.45808
51.764460 0.15408 1.04016 0.622059 0.643891 0.413235 0.245023 2.73564 1.15986 0.820598 0.28891 0.337713 2.53788 0.415266 0.434788 0.307821 2.03618 1.29137 0.387573 1.68512 0.662776 1.5754
52.006350 0.213855 1.8886 0.688596 0.836809 0.593891 0.226707 6.25559 1.61727 1.0333 0.372662 0.328346 2.00368 1.08912 0.404599 0.321093 7.18394 1.86078 0.400827 2.48543 0.886643 2.08482
52.248240 2.06491 4.64075 0.595517 1.59589 0.993635 1.35173 20.9596 3.41485 0.999771 0.317786 1.14584 0.986877 3.79947 0.244698 1.17476 44.0039 4.96047 4.42942 9.67895 2.99198 141.615
52.490130 2.71524 0.823537 1.13453 1.28453 1.27968 0.455887 6.81479 1.80167 0.338609 0.311148 0.843318 10.7835 2.55829 2.58784 0.688246 8.16674 8.3234 0.457316 41.122 2.89131 1.51301
52.732020 0.461858 0.237643 0.658989 0.574934 0.309337 0.179298 2.22834 0.681808 0.294683 0.388188 0.316752 4.1988 1.61275 0.860812 0.232732 2.53997 1.27354 0.426868 20.8491 0.873523 0.766919
52.973910 0.198723 0.246424 0.576987 0.378976 0.335862 0.154315 1.60972 0.529283 0.319399 0.365489 0.203074 2.5809 1.33269 0.493583 0.159995 1.67414 0.851862 0.423559 7.56514 0.627149 0.804382
53.215800 0.23613 0.253003 0.549633 0.308571 0.359671 0.15264 1.32971 0.481471 0.316378 0.354175 0.146822 1.86241 1.19041 0.376985 0.148981 1.59186 0.795363 0.417804 3.9704 0.53408 0.873855
53.457690 0.295851 0.265003 0.539651 0.279585 0.372882 0.157244 1.14582 0.461358 0.309152 0.346142 0.113345 1.47588 1.11394 0.325023 0.157037 1.66858 0.775097 0.409446 2.67686 0.474839 0.926473
53.699580 0.345903 0.280511 0.537006 0.266108 0.381344 0.164441 1.0077 0.452003 0.301635 0.338882 0.0935277 1.2431 1.06865 0.296113 0.17246 1.77152 0.765775 0.398225 2.07562 0.424813 0.960029
53.941470 0.389278 0.297631 0.538062 0.259088 0.387498 0.172764 0.896904 0.446736 0.29478 0.33176 0.0848387 1.09615 1.04088 0.277749 0.191804 1.87628 0.76177 0.385557 1.73768 0.376688 0.976864
54.183360 0.42944 0.315723 0.541327 0.255462 0.392038 0.18129 0.805846 0.443689 0.288422 0.324436 0.0854087 1.00195 1.02324 0.264953 0.212714 1.97791 0.761375 0.374386 1.52365 0.330568 0.982773
54.425250 0.467693 0.333778 0.546049 0.253778 0.395462 0.18922 0.730192 0.441446 0.282571 0.317069 0.0917873 0.942517 1.01222 0.25549 0.232414 2.07518 0.763348 0.368122 1.37766 0.289506 0.988636
54.667140 0.504543 0.351174 0.55169 0.253295 0.398062 0.19634 0.668022 0.439365 0.277213 0.309646 0.100211 0.905786 1.00559 0.248114 0.248932 2.16755 0.766927 0.368794 1.27255 0.255691 1.00395
54.909030 0.540264 0.367366 0.557791 0.253537 0.399974 0.202599 0.616764 0.437041 0.272321 0.302293 0.1085 0.883756 1.00223 0.242074 0.2617 2.25517 0.771436 0.375735 1.1928 0.229414 1.03449
55.150920 0.575321 0.382433 0.564417 0.254271 0.40129 0.208196 0.573834 0.434514 0.267616 0.295239 0.115783 0.870819 1.00117 0.236806 0.271087 2.33734 0.776504 0.387316 1.13018 0.209933 1.08333
55.392810 0.610193 0.395792 0.571572 0.255222 0.402045 0.213196 0.536618 0.431463 0.262879 0.288443 0.121836 0.863537 1.00183 0.231926 0.277407 2.41414 0.781548 0.401703 1.07819 0.195805 1.15112
55.634700 0.644889 0.4076 0.579154 0.256275 0.402326 0.217962 0.50388 0.427958 0.257881 0.281902 0.126685 0.859577 1.00381 0.227177 0.281517 2.48553 0.786804 0.417714 1.03476 0.185774 1.23624
55.876590 0.679098 0.417743 0.586995 0.257344 0.402178 0.222388 0.474978 0.423818 0.252496 0.275671 0.130337 0.856827 1.00659 0.222348 0.28373 2.55152 0.79259 0.434132 0.998614 0.178823 1.33438
56.118480 0.712313 0.425998 0.594967 0.258347 0.401523 0.226332 0.449309 0.418919 0.246712 0.269701 0.132684 0.854718 1.01018 0.21745 0.284054 2.61133 0.799037 0.449672 0.969115 0.174466 1.4398
56.360370 0 0 0 0 0 0 0 0 0 0 0 0 0 0 0 0 0 0 0 0 0
