.241890 -514.215576099728 4.703824085460957E-002 4.712899157269441E-002 1 2.440583690993448E-002 2.439287998443119E-002 2 6.330870788573112E-002 6.331255395359775E-002 3 2.195042408744603E-002 2.195103060405978E-002 4 4.122430617484963E-002 4.121612733950936E-002 5 2.750162997117764E-002 2.749265257951580E-002 6 4.764977812866147E-002 4.768009739978811E-002 7 3.975592030946212E-002 3.974283134106166E-002
.483780 -514.215580686929 6.429317510812213E-002 6.430133237671322E-002 1 4.477506578247222E-002 4.479397207205259E-002 2 8.296185842628094E-002 8.297139800458060E-002 3 3.285097022466447E-002 3.284307853681169E-002 4 5.437998786270137E-002 5.438673591221869E-002 5 3.834949580707264E-002 3.834935550299009E-002 6 6.461403858938482E-002 6.462405678979229E-002 7 5.428582740264556E-002 5.430160573450003E-002
.725670 -514.215583174484 7.839200836680289E-002 7.840296116367448E-002 1 6.176205278138637E-002 6.179623372718326E-002 2 9.869967843076848E-002 9.874528015024167E-002 3 4.187086294846265E-002 4.189175448173971E-002 4 6.513490146369673E-002 6.517734679974334E-002 5 4.741261173481538E-002 4.741702069296425E-002 6 7.761421463932729E-002 7.764957992784087E-002 7 6.647857443415076E-002 6.653501296567806E-002
.967560 -514.215582703640 8.932227825544299E-002 8.928334778465077E-002 1 7.527684142552900E-002 7.525572239187342E-002 2 0.110729147244695 0.110691742649269 3 4.888001599283676E-002 4.884668179551467E-002 4 7.354829881770332E-002 7.352591502708798E-002 5 5.501530061817764E-002 5.495582686332588E-002 6 8.747663293584097E-002 8.746697910988965E-002 7 7.572922220439242E-002 7.571144657232821E-002
1.209450 -514.215584423727 9.733424144819861E-002 9.733118564471097E-002 1 8.560145913484341E-002 8.562079561432347E-002 2 0.119548321267842 0.119562681458569 3 5.395074688163053E-002 5.393962693931681E-002 4 7.982359544639715E-002 7.984678111837043E-002 5 6.166273984487722E-002 6.163022848690754E-002 6 9.468327468705844E-002 9.470567795796495E-002 7 8.219863273004961E-002 8.224136910692717E-002
1.451340 -514.215587413436 0.102779234007840 0.102779758211923 1 9.316453912722897E-002 9.318061154334570E-002 2 0.125703834059162 0.125739246426188 3 5.726488072514729E-002 5.728627045435056E-002 4 8.418185614806675E-002 8.422138457216929E-002 5 6.784718829314995E-002 6.781293051741029E-002 6 9.963737238572208E-002 9.966052123017315E-002 7 8.622835473715863E-002 8.630307383657784E-002
1.693230 -514.215590249284 0.105958667872108 0.105936383215878 1 9.835562214739377E-002 9.837317512313062E-002 2 0.129647824005182 0.129694786382459 3 5.905119021585151E-002 5.904393188771988E-002 4 8.678239287807253E-002 8.683300856348394E-002 5 7.383933818520444E-002 7.383935120988698E-002 6 0.102783559740208 0.102783144665818 7 8.808376694215754E-002 8.817529355049761E-002
1.935120 -514.215594975770 0.107097704029778 0.107090340912012 1 0.101450022802628 0.101541680849818 2 0.131684553251546 0.131759616781563 3 5.956854075200448E-002 5.957398634391529E-002 4 8.769397930762894E-002 8.776555512318329E-002 5 7.947251229361581E-002 7.954593348731613E-002 6 0.104611266563405 0.104627285378819 7 8.798600818466457E-002 8.808325083753449E-002
2.177010 -514.215598679611 0.106362031136248 0.106332776833085 1 0.102586572398099 0.102625562600906 2 0.131947899656154 0.132016336559153 3 5.913356564979014E-002 5.910872316018677E-002 4 8.686833567029699E-002 8.695448727885628E-002 5 8.400225508220008E-002 8.414747559048708E-002 6 0.105497386550049 0.105486728403095 7 8.633256769742015E-002 8.635204034292539E-002
2.418900 -514.215608731680 0.103925246430929 0.103979009718703 1 0.101776789839141 0.101879450066407 2 0.130432849937405 0.130545519907382 3 5.819276180365904E-002 5.814973659473043E-002 4 8.411345459780739E-002 8.423948059768370E-002 5 8.618051226153695E-002 8.645455187297389E-002 6 0.105473925475063 0.105543358911129 7 8.380049816487235E-002 8.379301578950185E-002
2.660790 -514.215624584866 9.995036436231065E-002 0.100070910262288 1 9.891735904244048E-002 9.904560945143118E-002 2 0.127020412527640 0.127142566994378 3 5.739329954995649E-002 5.732536614985100E-002 4 7.907781714078445E-002 7.923306568313593E-002 5 8.454003308379647E-002 8.488511380032263E-002 6 0.104131731160828 0.104266699437303 7 8.105315569237785E-002 8.101368152651532E-002
2.902680 -514.215652730800 9.446129181671696E-002 9.471396055583038E-002 1 9.379026164844667E-002 9.397639628580502E-002 2 0.121465944666954 0.121663529116652 3 5.745812886268905E-002 5.743008515616810E-002 4 7.136196488316707E-002 7.154500660069819E-002 5 7.776644967748637E-002 7.818886216729212E-002 6 0.100718340779099 0.100968482980506 7 7.819597067039065E-002 7.827958770342608E-002
3.144570 -514.215691743709 8.720234133091290E-002 8.755545027093004E-002 1 8.606286427139523E-002 8.627034115160924E-002 2 0.113412424034058 0.113635412673858 3 5.844550353104539E-002 5.859593476987988E-002 4 6.097361763070406E-002 6.106569648188798E-002 5 6.518725500170580E-002 6.552054313838962E-002 6 9.418881300248386E-002 9.454560744135651E-002 7 7.444804274202300E-002 7.464804484851488E-002
3.386460 -514.215742157718 7.756385162073202E-002 7.802313396749969E-002 1 7.531040330718172E-002 7.557002313581924E-002 2 0.102423728589264 0.102695746965025 3 5.871451861796893E-002 5.917083064132336E-002 4 4.869175002198509E-002 4.872858552725201E-002 5 4.787867009267043E-002 4.784371120574821E-002 6 8.279951366335868E-002 8.342617379004974E-002 7 6.836757932626464E-002 6.868729848283685E-002
3.628350 -514.215781853934 6.455447641766374E-002 6.491775039693798E-002 1 6.110276428167330E-002 6.145218783549421E-002 2 8.805365363888719E-002 8.841197533266483E-002 3 5.538063208215484E-002 5.605239796393997E-002 4 3.514665312669266E-002 3.533794514395570E-002 5 3.109766593665081E-002 3.014553745953539E-002 6 6.230455021311426E-002 6.373628510413407E-002 7 5.846784730190787E-002 5.891782666220567E-002
3.870240 -514.215746734153 4.642782849769973E-002 4.612198880456702E-002 1 4.312560486937374E-002 4.352926391612094E-002 2 6.996288357564809E-002 7.037989398424838E-002 3 4.628408820616664E-002 4.698832601502165E-002 4 1.998313760458220E-002 2.030587134134219E-002 5 2.313242988125799E-002 2.272339264210644E-002 6 2.634965147973619E-002 2.726010496792772E-002 7 4.372746371451278E-002 4.426030385025997E-002
4.112130 -514.215829233854 2.465022972310402E-002 2.562072429558555E-002 1 2.141999376079819E-002 2.188885717815771E-002 2 4.817777366997154E-002 4.865790033668683E-002 3 3.109060033419290E-002 3.178428999943188E-002 4 3.244125865201753E-003 3.545693695344075E-003 5 1.635212124628035E-002 1.834088939845853E-002 6 -1.613088147519932E-002 -1.743283745098221E-002 7 2.372506370711874E-002 2.436701636970306E-002
4.354020 -514.215903292501 -1.250282948065637E-003 -2.711307706106632E-004 1 -3.374738749596078E-003 -2.846242806452974E-003 2 2.334051096913393E-002 2.387471404443817E-002 3 1.094818120940407E-002 1.163393522325661E-002 4 -1.346062770226393E-002 -1.309923810058457E-002 5 -4.204890113071288E-003 -2.988058983890717E-003 6 -4.818420846228806E-002 -4.903038957991360E-002 7 -2.459977680626529E-003 -1.263185361819484E-003
4.595910 -514.215969639042 -2.935354323563798E-002 -2.825517911333675E-002 1 -2.976890505454786E-002 -2.923277988245735E-002 2 -3.101973331161056E-003 -2.566096899265955E-003 3 -1.200771645163903E-002 -1.137481201713497E-002 4 -2.902955810483048E-002 -2.828890430568221E-002 5 -3.596695434815418E-002 -3.548488131127785E-002 6 -6.052033792109508E-002 -6.209160275819511E-002 7 -4.189122806864012E-002 -3.951425700787399E-002
4.837800 -514.215834684562 -5.344439045693969E-002 -5.403645273760895E-002 1 -5.508369331929582E-002 -5.453856969587263E-002 2 -2.850584664946205E-002 -2.797140805527180E-002 3 -3.460021173425785E-002 -3.400883159903718E-002 4 -4.409688509388020E-002 -4.317959516192454E-002 5 -6.798457966533680E-002 -6.779475255156971E-002 6 -6.286912780566650E-002 -5.948793142298908E-002 7 -8.473260147064199E-002 -8.709671935911706E-002
5.079690 -514.215785900647 -7.436353804722941E-002 -7.383784714443120E-002 1 -7.544660083030168E-002 -7.490243063023787E-002 2 -4.907198435152686E-002 -4.852972135426357E-002 3 -5.264206151350256E-002 -5.205740045779735E-002 4 -5.746486370498074E-002 -5.667983348016502E-002 5 -9.191431862283174E-002 -9.163362841376164E-002 6 -7.172261928507367E-002 -7.068475696770499E-002 7 -0.109151246752399 -0.109026942190956
5.321580 -514.215743803421 -8.494214407566167E-002 -8.432115711935123E-002 1 -8.717482707816132E-002 -8.662535475132209E-002 2 -6.121830666050987E-002 -6.066215636523910E-002 3 -6.225147306187451E-002 -6.167487873114517E-002 4 -6.513041645885306E-002 -6.445921522128430E-002 5 -0.103573686326600 -0.103141677842070 6 -8.080830021893036E-002 -8.014731168709846E-002 7 -0.115354682071717 -0.114776609793444
5.563470 -514.215725735461 -8.417613685180068E-002 -8.353116910133430E-002 1 -8.905039494895983E-002 -8.845876838261114E-002 2 -6.384713970164897E-002 -6.326358431784129E-002 3 -6.219819218547685E-002 -6.160882043052984E-002 4 -6.478148689047716E-002 -6.415278215397226E-002 5 -0.102385905621635 -0.101862740804267 6 -8.124317080141392E-002 -8.063260469252434E-002 7 -0.110526055143729 -0.109834839815228
5.805360 -514.215747672252 -7.593096372347008E-002 -7.521711841267023E-002 1 -8.412568514211326E-002 -8.346982778763606E-002 2 -6.009020872806257E-002 -5.943361410835406E-002 3 -5.565262280111268E-002 -5.499282012608857E-002 4 -5.876625707181320E-002 -5.808482006354142E-002 5 -9.197224669049929E-002 -9.133279401560168E-002 6 -7.485588645369479E-002 -7.418355437722288E-002 7 -9.935501684572527E-002 -9.859292417533112E-002
6.047250 -514.215793884960 -6.731731387430184E-002 -6.657534349245549E-002 1 -7.881141480861237E-002 -7.810373203325326E-002 2 -5.632935422668389E-002 -5.563044501249943E-002 3 -4.916677471993753E-002 -4.847357914742727E-002 4 -5.306381998633957E-002 -5.235818848655072E-002 5 -7.937221546215383E-002 -7.866545387595897E-002 6 -6.777770155022517E-002 -6.709364067545984E-002 7 -8.873140953160523E-002 -8.795789252134568E-002
6.289140 -514.215820424632 -6.285119847803257E-002 -6.225818709836337E-002 1 -7.749033860062435E-002 -7.695704335327780E-002 2 -5.681785220572071E-002 -5.628029594787190E-002 3 -4.720609930966501E-002 -4.667599707048126E-002 4 -5.171006467264026E-002 -5.117075465827358E-002 5 -6.968737843114071E-002 -6.913367658874021E-002 6 -6.430592702343217E-002 -6.376779573634522E-002 7 -8.313113098347505E-002 -8.253689988185139E-002
6.531030 -514.215785701175 -5.900543267477403E-002 -5.881771057131538E-002 1 -7.699107842143249E-002 -7.687091122445557E-002 2 -5.828185921651087E-002 -5.815085170311222E-002 3 -4.667903570400811E-002 -4.655829315851576E-002 4 -5.126663237530914E-002 -5.113775873317136E-002 5 -6.042755036429993E-002 -6.028135684869192E-002 6 -6.122030441879636E-002 -6.111038899280453E-002 7 -7.923025986570406E-002 -7.908358569678940E-002
6.772920 -514.215700139961 -4.523249340040904E-002 -4.545060860332457E-002 1 -6.700798908863162E-002 -6.728645442453160E-002 2 -5.045526901899144E-002 -5.073077626666435E-002 3 -3.749583706912295E-002 -3.777348446949869E-002 4 -4.133214541488188E-002 -4.161171831554411E-002 5 -4.202603375400732E-002 -4.229162323938709E-002 6 -4.822611191102796E-002 -4.852941049195870E-002 7 -6.642448744111899E-002 -6.669755402666155E-002
7.014810 -514.215615135659 -1.239468745799811E-002 -1.289663135637753E-002 1 -3.788972043417632E-002 -3.842782657811795E-002 2 -2.383208633056220E-002 -2.436787288245771E-002 3 -1.037634817327493E-002 -1.091067595108392E-002 4 -1.235066815337033E-002 -1.289609908878545E-002 5 -5.893325838361257E-003 -6.409873582765535E-003 6 -1.584230078697631E-002 -1.641593633619281E-002 7 -3.470217809226308E-002 -3.525191444286429E-002
7.256700 -514.215590335131 3.563834054966890E-002 3.504614179993833E-002 1 7.800813602890264E-003 7.246271063709816E-003 2 1.900509426582979E-002 1.845305900743674E-002 3 3.193776270978655E-002 3.138836337995862E-002 4 3.301747288209220E-002 3.244252044078769E-002 5 4.412434571147041E-002 4.359580060242318E-002 6 3.305623740565356E-002 3.243297508142782E-002 7 1.392809823009897E-002 1.327920614104541E-002
7.498590 -514.215642895912 8.005795083733970E-002 7.943341787201695E-002 1 5.254653065953686E-002 5.203729471665688E-002 2 6.082911479100551E-002 6.033328301376695E-002 3 7.239785597199173E-002 7.190001845663524E-002 4 7.743902721221309E-002 7.691500166072197E-002 5 8.987279383746204E-002 8.941662096045648E-002 6 8.078115794975378E-002 8.018254319622881E-002 7 6.302651717613890E-002 6.232127359403737E-002
7.740480 -514.215746103850 0.102416058179230 0.101800410059109 1 7.807452168110067E-002 7.755130686390443E-002 2 8.377945786657837E-002 8.327050949236874E-002 3 9.363553212815269E-002 9.312807310473868E-002 4 0.103049331328069 0.102514410447165 5 0.113691877721628 0.113223159535160 6 0.109293595635405 0.108665450402998 7 9.433747616315234E-002 9.389099372049201E-002
7.982370 -514.215846263170 9.860356541620961E-002 9.795242118180879E-002 1 7.880705331626382E-002 7.821417217144430E-002 2 8.250699615614375E-002 8.192100337740921E-002 3 9.076204482864506E-002 9.016486906644362E-002 4 0.104541129158462 0.103932697437589 5 0.111248050699463 0.110691782982672 6 0.113425721242549 0.112710755452871 7 9.994208590248820E-002 9.950400903811651E-002
8.224260 -514.215905060973 7.616646810652186E-002 7.545890567707103E-002 1 6.031004566220235E-002 5.962876777615148E-002 2 6.257656936800257E-002 6.189925874600614E-002 3 6.958499675131240E-002 6.889697577721361E-002 4 8.741197305986736E-002 8.673444237357071E-002 5 8.919164863920898E-002 8.851198445476401E-002 6 9.896497778975533E-002 9.818397056627901E-002 7 8.438652948437268E-002 8.379821410372124E-002
8.466150 -514.215912709041 4.564326385819751E-002 4.489317010051351E-002 1 3.161349503345013E-002 3.086149354774033E-002 2 3.290052226623975E-002 3.215708653569980E-002 3 3.909219268546420E-002 3.833512371279285E-002 4 6.036352541414568E-002 5.964496039110184E-002 5 5.726418143022341E-002 5.648426257669227E-002 6 7.487022833258482E-002 7.405047232537317E-002 7 5.770656390522490E-002 5.700898134890461E-002
8.708040 -514.215885766656 1.581417644381312E-002 1.511099706178999E-002 1 2.971456795990605E-004 -4.060240957097499E-004 2 9.257485667918930E-004 2.192063068066476E-004 3 6.732335900685148E-003 6.001115327557300E-003 4 3.058284728720699E-002 2.991673666141819E-002 5 2.349687994637831E-002 2.273105440984132E-002 6 4.838568695128480E-002 4.766635566045494E-002 7 2.824086444389005E-002 2.756455856137134E-002
8.949930 -514.215838738439 -7.883557469653401E-003 -8.541525237771170E-003 1 -2.895187050204740E-002 -2.958822135149389E-002 2 -2.878287554276103E-002 -2.942089478705368E-002 3 -2.293845009667727E-002 -2.359750472932856E-002 4 2.424104852598468E-003 1.837247689226220E-003 5 -6.993470285779457E-003 -7.781850690789386E-003 6 2.355805486318917E-002 2.304221566841569E-002 7 1.065489958071611E-003 4.341774657700298E-004
9.191820 -514.215735179205 -2.328268758621036E-002 -2.440974563363218E-002 1 -5.391961383956062E-002 -5.444819032965102E-002 2 -5.410547252839409E-002 -5.462845086413424E-002 3 -4.779771229492056E-002 -4.835767458533545E-002 4 -2.211363905344248E-002 -2.258266758078220E-002 5 -2.850853179679393E-002 -3.078723143058514E-002 6 -1.218112024460279E-003 -2.965147786541182E-006 7 -2.134864847344479E-002 -2.190538693375849E-002
9.433710 -514.215791134701 -3.355242486269116E-002 -3.310216106292223E-002 1 -7.391666006320034E-002 -7.436001257371531E-002 2 -7.436908016900046E-002 -7.481780765962376E-002 3 -6.714326890629183E-002 -6.763742860368926E-002 4 -4.240330294245952E-002 -4.278786598994894E-002 5 -2.942200133564699E-002 -2.771018350156488E-002 6 -3.655244837199932E-002 -3.914153178219251E-002 7 -3.813812091999201E-002 -3.863014168425450E-002
9.675600 -514.215772903354 -3.646858471065156E-002 -3.666369627418262E-002 1 -8.926853962072290E-002 -8.960003061430991E-002 2 -9.012047905752524E-002 -9.046516078193513E-002 3 -8.139215000117199E-002 -8.180391021873971E-002 4 -5.896509825927768E-002 -5.924067195633467E-002 5 -2.636977734366651E-002 -2.615859815753866E-002 6 -6.662529799981808E-002 -6.750491942870986E-002 7 -4.963372542865927E-002 -5.004736739778144E-002
9.917490 -514.215745909582 -4.103334772065804E-002 -4.129183594639062E-002 1 -0.100448491846170 -0.100717149779784 2 -0.101708545373841 -0.101990387149528 3 -9.079069264587297E-002 -9.115322775587947E-002 4 -7.223724242452072E-002 -7.244572601172795E-002 5 -3.305190165218782E-002 -3.322876153094761E-002 6 -7.895275000493911E-002 -7.928541928729900E-002 7 -5.631350946476975E-002 -5.664312456882723E-002
10.159380 -514.215723273553 -4.718856056997460E-002 -4.740367749897884E-002 1 -0.108178093347137 -0.108416294560266 2 -0.109845277499353 -0.110084336431705 3 -9.599030417654306E-002 -9.630816999052660E-002 4 -8.286927921852133E-002 -8.303962992311825E-002 5 -3.841767398293118E-002 -3.859323422350533E-002 6 -8.624543054318209E-002 -8.649594387961024E-002 7 -5.907172006201077E-002 -5.932380442494662E-002
10.401270 -514.215706672736 -5.484146635184293E-002 -5.500432154062425E-002 1 -0.113137784335279 -0.113317429712800 2 -0.115199524104333 -0.115386798690844 3 -9.778828306005884E-002 -9.801776254679258E-002 4 -9.123547278097242E-002 -9.139541624449614E-002 5 -4.185272059648033E-002 -4.197606557064858E-002 6 -9.057410373245832E-002 -9.075577856640157E-002 7 -5.902479117891659E-002 -5.919213245783216E-002
10.643160 -514.215697142197 -6.272429425804660E-002 -6.282274500638359E-002 1 -0.115899517035545 -0.116015755315974 2 -0.118332852702147 -0.118463616631025 3 -9.710530107968586E-002 -9.723202858406856E-002 4 -9.735341495425638E-002 -9.752476691355988E-002 5 -4.364673518705958E-002 -4.370535845190652E-002 6 -9.284019260962288E-002 -9.295010830507894E-002 7 -5.738462885841208E-002 -5.744248972418069E-002
10.885050 -514.215691905064 -6.923099649354443E-002 -6.928777205038447E-002 1 -0.116929594566617 -0.117027610569301 2 -0.119710783817961 -0.119813280984521 3 -9.475179746552891E-002 -9.486327726135478E-002 4 -0.101104714161043 -0.101288015834674 5 -4.424484643435415E-002 -4.424773243514692E-002 6 -9.367950589554473E-002 -9.377227457857297E-002 7 -5.525207789730741E-002 -5.526752779214967E-002
11.126940 -514.215699018086 -7.302434440912273E-002 -7.292834163746340E-002 1 -0.116577885073996 -0.116663486428899 2 -0.119689236618697 -0.119771488482614 3 -9.102721085475823E-002 -9.118816416317173E-002 4 -0.101761423633032 -0.102428756429457 5 -4.516424495257788E-002 -4.457957177086723E-002 6 -9.350448660266722E-002 -9.357021617594846E-002 7 -5.334949013680382E-002 -5.332489761484677E-002
11.368830 -514.215548962691 -7.562210665699870E-002 -7.759695628158245E-002 1 -0.115030738188337 -0.115081010832834 2 -0.118476362256104 -0.118531536086776 3 -8.540145111808076E-002 -8.568955248408548E-002 4 -7.371495591365347E-002 -6.409969909030173E-002 5 -7.343100047135183E-002 -8.291396302733775E-002 6 -9.251316488263303E-002 -9.255110258192435E-002 7 -5.190830787866686E-002 -5.186074444544485E-002
11.610720 -514.215547868427 -7.214545305427235E-002 -7.213518226550029E-002 1 -0.111799674077300 -0.111860129600229 2 -0.115375736521254 -0.115439226253725 3 -7.588796914186012E-002 -7.632080922143326E-002 4 -4.897778952296370E-002 -4.847796969110676E-002 5 -9.901078744032682E-002 -9.920289416997183E-002 6 -8.984489846936759E-002 -8.989953716212777E-002 7 -4.970351661856019E-002 -4.967027586526007E-002
11.852610 -514.215548274332 -6.426566909552917E-002 -6.424159291083965E-002 1 -0.107131205481409 -0.107171417138889 2 -0.110853064967542 -0.110897473293840 3 -6.237899406767004E-002 -6.257076589631572E-002 4 -5.523182821557776E-002 -5.504361378308216E-002 5 -9.464700328768663E-002 -9.471895312266534E-002 6 -8.598718140346348E-002 -8.604364598662868E-002 7 -4.743657618947818E-002 -4.739937502540695E-002
12.094500 -514.215545585021 -5.688637269296522E-002 -5.692162141342368E-002 1 -0.101165967030574 -0.101227229941621 2 -0.105065103622285 -0.105124192384715 3 -4.776357937044059E-002 -4.755610526380510E-002 4 -6.135719619618740E-002 -6.158067443689532E-002 5 -8.890212549629459E-002 -8.897325757321423E-002 6 -8.102682492016731E-002 -8.110898748314638E-002 7 -4.534449697179956E-002 -4.530780794185613E-002
12.336390 -514.215544380908 -5.237409576993143E-002 -5.240241603045433E-002 1 -9.408035443922193E-002 -9.406647181499136E-002 2 -9.819945688300641E-002 -9.820315236552982E-002 3 -3.567270930564836E-002 -3.539721587883781E-002 4 -6.368479944882371E-002 -6.386303712813107E-002 5 -8.234369946616409E-002 -8.236944557751336E-002 6 -7.502371183415667E-002 -7.507456624271411E-002 7 -4.362454201407354E-002 -4.356932538595627E-002
12.578280 -514.215542177530 -5.155263458308305E-002 -5.160968313498301E-002 1 -8.614089832154302E-002 -8.617298721798769E-002 2 -9.055272400777545E-002 -9.059376583367959E-002 3 -2.674580333492966E-002 -2.657740464295856E-002 4 -6.201003139910875E-002 -6.212909569965894E-002 5 -7.536857877834888E-002 -7.540829173936467E-002 6 -6.811375935261203E-002 -6.821293510681452E-002 7 -4.239786979290307E-002 -4.235926324040751E-002
12.820170 -514.215540401004 -5.321708883740035E-002 -5.327044089406684E-002 1 -7.755133205107277E-002 -7.759538412401018E-002 2 -8.237883135547766E-002 -8.242373387779997E-002 3 -1.992964650779022E-002 -1.982978584055115E-002 4 -5.790394523443627E-002 -5.797648473180639E-002 5 -6.819756702297887E-002 -6.823164578923191E-002 6 -6.048802227556292E-002 -6.059033677920637E-002 7 -4.147773050058515E-002 -4.146749551328444E-002
13.062060 -514.215541739282 -5.455988438203949E-002 -5.454866826467674E-002 1 -6.829459852720635E-002 -6.826294483914461E-002 2 -7.371953839540540E-002 -7.371758489843028E-002 3 -1.432228860831039E-002 -1.419235860279420E-002 4 -5.243977200712215E-002 -5.243279595921028E-002 5 -6.079962265918747E-002 -6.079845524073151E-002 6 -5.240240487039856E-002 -5.240280425326281E-002 7 -4.023677285502665E-002 -4.023144075764547E-002
13.303950 -514.215540699150 -5.253759330022498E-002 -5.256958598451671E-002 1 -5.803749479214294E-002 -5.806699267064080E-002 2 -6.428928950533626E-002 -6.432127458921288E-002 3 -9.123277159283148E-003 -9.084107417565056E-003 4 -4.588036441168538E-002 -4.591533787940042E-002 5 -5.288082492629596E-002 -5.290692734237265E-002 6 -4.406142136828047E-002 -4.407119904325336E-002 7 -3.767249259819455E-002 -3.772600427430452E-002
13.545840 -514.215539768070 -4.532141100224638E-002 -4.535056947732448E-002 1 -4.620224649229507E-002 -4.619254514858500E-002 2 -5.351877409908942E-002 -5.353671308144710E-002 3 -3.411977117075919E-003 -3.387546871647642E-003 4 -3.801793113447816E-002 -3.803604894859628E-002 5 -4.397307642766975E-002 -4.398337714276195E-002 6 -3.541083381077713E-002 -3.538434564767316E-002 7 -3.273959314014543E-002 -3.280234399947145E-002
13.787730 -514.215536467870 -3.288035375340467E-002 -3.297693711547073E-002 1 -3.226028665580338E-002 -3.234448831986429E-002 2 -4.081839256789364E-002 -4.089352360788275E-002 3 3.655090265281006E-003 3.578677573073802E-003 4 -2.865294280200935E-002 -2.874228657378497E-002 5 -3.365358741834154E-002 -3.371664840098347E-002 6 -2.612808587555274E-002 -2.617314643787854E-002 7 -2.478341822997340E-002 -2.488732508164527E-002
14.029620 -514.215537311708 -1.672648245074571E-002 -1.672986100490549E-002 1 -1.612809995691266E-002 -1.612046209602787E-002 2 -2.595361600634057E-002 -2.596363548491039E-002 3 1.244789423169459E-002 1.243832153920752E-002 4 -1.796205440320854E-002 -1.797210108803357E-002 5 -2.183357691941807E-002 -2.184421431352402E-002 6 -1.593118063665306E-002 -1.590750247344766E-002 7 -1.381037838143381E-002 -1.385743584249620E-002
14.271510 -514.215538445409 7.230176480767963E-004 7.181675355207668E-004 1 1.646422429364668E-003 1.622845715137025E-003 2 -9.295150829160026E-003 -9.326919516703546E-003 3 2.272817266899869E-002 2.269741820925221E-002 4 -6.504791054188084E-003 -6.544429542959775E-003 5 -8.929143019102550E-003 -8.958327094703466E-003 6 -4.922439235948187E-003 -4.933068161224513E-003 7 -5.081746251475201E-004 -5.487870851345901E-004
14.513400 -514.215539178440 1.663043971476960E-002 1.661081177830609E-002 1 2.007389924978895E-002 2.002927229525732E-002 2 8.245341441247637E-003 8.197754902486873E-003 3 3.385330917813521E-002 3.380619318362962E-002 4 5.095338446716552E-003 5.048475629289991E-003 5 4.249310668158649E-003 4.216193773403203E-003 6 6.361360951792038E-003 6.343382234430275E-003 7 1.396936269350298E-002 1.391471223161140E-002
14.755290 -514.215540301472 2.847266031160247E-002 2.846797725748419E-002 1 3.818940344092824E-002 3.819923367940309E-002 2 2.560227374525136E-002 2.562028865971521E-002 3 4.510495144661793E-002 4.510143928317045E-002 4 1.649622664413210E-002 1.647473580729830E-002 5 1.686101485511519E-002 1.687425481094990E-002 6 1.723642793316964E-002 1.724796296324192E-002 7 2.842142516493164E-002 2.844877336296360E-002
14.997180 -514.215540721216 3.578397492633537E-002 3.576957774244199E-002 1 5.545329253885537E-002 5.546441099849887E-002 2 4.200711059020637E-002 4.200063456240764E-002 3 5.591350431493652E-002 5.592033150798702E-002 4 2.771555854204295E-002 2.768392365179619E-002 5 2.840192564576192E-002 2.839725768672749E-002 6 2.724328949354460E-002 2.724790764004918E-002 7 4.200084432729376E-002 4.200440027745268E-002
15.239070 -514.215541997595 4.089659433845791E-002 4.091310297476664E-002 1 7.161959112580971E-002 7.165024983802966E-002 2 5.703298179634733E-002 5.704312950607165E-002 3 6.581871840202314E-002 6.584264999308066E-002 4 3.882124492340369E-002 3.881573813098642E-002 5 3.869832360384675E-002 3.870225329146779E-002 6 3.621175419771570E-002 3.623696506986108E-002 7 5.421592996729348E-002 5.423817122098935E-002
15.480960 -514.215541133461 4.697423843644701E-002 4.694308582118735E-002 1 8.630302242614094E-002 8.625976125716164E-002 2 7.031512574158029E-002 7.029443054776369E-002 3 7.435534367757474E-002 7.432977111371634E-002 4 4.955635221388037E-002 4.950553183770707E-002 5 4.763966329305470E-002 4.759873365681418E-002 6 4.405264561026355E-002 4.403542034401516E-002 7 6.463374125051832E-002 6.462934578374398E-002
15.722850 -514.215540849465 5.541253351702184E-002 5.540636166560101E-002 1 9.885161643167382E-002 9.886955676789987E-002 2 8.144241174814673E-002 8.146797106204026E-002 3 8.114906831491976E-002 8.117458671811481E-002 4 5.932831980653163E-002 5.933136035712777E-002 5 5.506526022363233E-002 5.505080294900982E-002 6 5.060762067662668E-002 5.061932070190047E-002 7 7.274661865592355E-002 7.278979274854183E-002
15.964740 -514.215539718181 6.519802491673478E-002 6.518235735041288E-002 1 0.108671185713750 0.108685680683863 2 9.015112134275208E-002 9.016047047107069E-002 3 8.612716290192157E-002 8.613255314345176E-002 4 6.755998825588908E-002 6.757639422191308E-002 5 6.091563050164635E-002 6.088253206915835E-002 6 5.574699313194161E-002 5.574733866335635E-002 7 7.810921819821269E-002 7.815672663639160E-002
16.206630 -514.215536518172 7.438147016165537E-002 7.431084480938269E-002 1 0.115637195109383 0.115695738771155 2 9.654241314356686E-002 9.659457451676649E-002 3 8.956283054553703E-002 8.958825378272396E-002 4 7.405794037090188E-002 7.411849039423525E-002 5 6.545631657123784E-002 6.543148753826088E-002 6 6.008085226659410E-002 5.981859881277200E-002 7 8.000740287755574E-002 8.037279678535804E-002
16.448520 -514.215548436229 7.540627020606147E-002 7.509101327853752E-002 1 0.120222894474406 0.120234805031125 2 0.101171814867374 0.101192271257112 3 9.192449403066692E-002 9.195768530742018E-002 4 7.909592188892732E-002 7.912413866767466E-002 5 6.937446179458445E-002 6.931839069881926E-002 6 7.071385793225486E-002 7.119166613515857E-002 7 7.194452341001573E-002 7.150704516650799E-002
16.690410 -514.215549979718 7.293091112037667E-002 7.287017948765630E-002 1 0.123426543015165 0.123455061774844 2 0.104092235593400 0.104112098651280 3 9.341476205769837E-002 9.343307272954778E-002 4 8.293145378463899E-002 8.298010690422623E-002 5 7.309890400852463E-002 7.305650318202686E-002 6 7.913868152548248E-002 7.946947108834169E-002 7 6.335852844606345E-002 6.306302290678396E-002
16.932300 -514.215549300906 7.494289324958014E-002 7.497800238421971E-002 1 0.125765693755382 0.125780596474843 2 0.106281139247996 0.106314462646208 3 9.428760867876079E-002 9.430790447256836E-002 4 8.591656627770648E-002 8.595269484267182E-002 5 7.718177340657788E-002 7.717908295584663E-002 6 7.786636773873143E-002 7.786453531251512E-002 7 6.312529801685943E-002 6.314290837723359E-002
17.174190 -514.215550452188 7.554583679552504E-002 7.560684964816376E-002 1 0.127522200678286 0.127547438924882 2 0.107929259075843 0.107969128854315 3 9.453363293135549E-002 9.457783460252354E-002 4 8.809888743432440E-002 8.815547061283258E-002 5 8.154016654243630E-002 8.157278724449153E-002 6 7.571698263130171E-002 7.567007336885868E-002 7 6.331945596737779E-002 6.334516372775546E-002
17.416080 -514.215554746664 7.711721400579863E-002 7.720565167524798E-002 1 0.128721784685181 0.128773562735261 2 0.108991936001456 0.109040311560689 3 9.404069753383162E-002 9.410661928087184E-002 4 8.939703003703098E-002 8.945905887003172E-002 5 8.567882994201029E-002 8.576530486272528E-002 6 7.375378180886323E-002 7.370686428101747E-002 7 6.350080105293449E-002 6.352169375022368E-002
17.657970 -514.215563265065 8.059654467081750E-002 8.072138774149409E-002 1 0.129043769919261 0.129140643933886 2 0.109259587904167 0.109342389413350 3 9.262259395134122E-002 9.270039579333550E-002 4 8.961948171315907E-002 8.971083140457668E-002 5 8.891138875832059E-002 8.905156098104901E-002 6 7.207831950927684E-002 7.206880902998337E-002 7 6.367625758384353E-002 6.371008379408359E-002
17.899860 -514.215575205517 8.494706511190751E-002 8.508800743179475E-002 1 0.128024076915402 0.128122082289679 2 0.108398793826635 0.108500550049066 3 9.001593126792268E-002 9.011523893413328E-002 4 8.851655592770913E-002 8.861723648676459E-002 5 9.056839715955407E-002 9.074782980810567E-002 6 7.043049351742593E-002 7.044643273580581E-002 7 6.376670761071601E-002 6.378421165539885E-002
18.141750 -514.215591667440 8.736336290925388E-002 8.753030904139926E-002 1 0.125231062041317 0.125379347132101 2 0.106014448003706 0.106155841305888 3 8.583041824317839E-002 8.597122048489346E-002 4 8.576108994608023E-002 8.589578374355934E-002 5 9.005694749492396E-002 9.027567039800824E-002 6 6.833027901833676E-002 6.841522840641422E-002 7 6.364435491283475E-002 6.369004782453547E-002
18.383640 -514.215612502727 8.492761588191571E-002 8.511906341879791E-002 1 0.120318651447994 0.120506814797120 2 0.101675462796312 0.101857938428126 3 7.958171966181515E-002 7.976303134760815E-002 4 8.094296443551958E-002 8.111537227251338E-002 5 8.681290431771044E-002 8.705971824257390E-002 6 6.516603110671269E-002 6.531622977890260E-002 7 6.306170127773719E-002 6.317617401693346E-002
18.625530 -514.215639568672 7.650954740084628E-002 7.675401547219364E-002 1 0.112929220488847 0.113179893526125 2 9.488364695966207E-002 9.512124831931965E-002 3 7.072774765230694E-002 7.096801500644245E-002 4 7.356944621782312E-002 7.379307918428982E-002 5 8.026531901966558E-002 8.057072921027449E-002 6 6.023864689108360E-002 6.045025785621299E-002 7 6.138545349432720E-002 6.160293990047536E-002
18.867420 -514.215673963863 6.327875230053846E-002 6.360058116407755E-002 1 0.102551567680440 0.102850488783911 2 8.503800430788254E-002 8.534968717353558E-002 3 5.868481673184490E-002 5.899822881661961E-002 4 6.306257464275868E-002 6.335276116036251E-002 5 6.978780047956724E-002 7.016440000829025E-002 6 5.280211480475260E-002 5.308606851627085E-002 7 5.740643752655449E-002 5.775802996282739E-002
19.109310 -514.215714334823 4.717072259089911E-002 4.757933165395094E-002 1 8.851960584724185E-002 8.892418465183467E-002 2 7.146876064921995E-002 7.185943124535300E-002 3 4.290545730729557E-002 4.329496623394817E-002 4 4.881833593031092E-002 4.919809058921681E-002 5 5.473287027954687E-002 5.517946550840526E-002 6 4.215822320274693E-002 4.252996108933083E-002 7 4.955689311104183E-002 5.003488115149052E-002
19.351200 -514.215755242168 2.887380494247017E-002 2.935481243112927E-002 1 7.024704728405945E-002 7.072337343786989E-002 2 5.361078357872037E-002 5.407889835802605E-002 3 2.300349713394775E-002 2.345868902509906E-002 4 3.032301654578932E-002 3.078542746294588E-002 5 3.460516368398277E-002 3.512289318773613E-002 6 2.789105285111896E-002 2.830508754483611E-002 7 3.636236130389032E-002 3.697152952590634E-002
19.593090 -514.215787153805 7.350778871249786E-003 7.878286765617243E-003 1 4.758392611716954E-002 4.812433326407528E-002 2 3.130476928281760E-002 3.184677824236868E-002 3 -9.939671485308392E-004 -4.753731614244890E-004 4 7.326919308861782E-003 7.882125432387628E-003 5 9.329856133098160E-003 9.904825340820211E-003 6 1.031337266620232E-002 1.075327617385461E-002 7 1.675135286499893E-002 1.748930528050694E-002
19.834980 -514.215803171415 -1.873287273859921E-002 -1.811748886718979E-002 1 2.124817000568201E-002 2.185155375353013E-002 2 5.176334694668539E-003 5.778201865817366E-003 3 -2.825045195870111E-002 -2.769716152381221E-002 4 -1.984803385607903E-002 -1.920251244737392E-002 5 -2.033266642074314E-002 -1.972380627788566E-002 6 -9.652719625322213E-003 -8.964662817593807E-003 7 -9.053477846147644E-003 -8.467772719553707E-003
20.076870 -514.215789631649 -4.871726786538225E-002 -4.804394191319365E-002 1 -6.511345111585490E-003 -5.892652618326811E-003 2 -2.270087170241677E-002 -2.210053502425182E-002 3 -5.644865180421699E-002 -5.589631266963111E-002 4 -4.961420410132864E-002 -4.894017796028718E-002 5 -5.210708282262850E-002 -5.152302948070540E-002 6 -3.122290930096567E-002 -3.032454149739845E-002 7 -3.756740943587602E-002 -3.718897410180917E-002
20.318760 -514.215724186940 -7.810883215163035E-002 -7.754778413427525E-002 1 -3.084576374726072E-002 -3.030452771468669E-002 2 -4.770861415373043E-002 -4.717187952454860E-002 3 -8.068284168225066E-002 -8.021377951516490E-002 4 -7.782023288446392E-002 -7.721902520170369E-002 5 -8.113079492394830E-002 -8.063358161429263E-002 6 -5.128802191291430E-002 -5.055915842032800E-002 7 -6.240253546332469E-002 -6.199285172817520E-002
20.560650 -514.215606493895 -9.755277278214172E-002 -9.718907554944309E-002 1 -4.338010243906522E-002 -4.300752043240830E-002 2 -6.172131320268816E-002 -6.135257532115711E-002 3 -9.254906310128419E-002 -9.221094448770051E-002 4 -9.649417495163860E-002 -9.610298889906774E-002 5 -9.896106971772917E-002 -9.864902665987983E-002 6 -6.137153662043172E-002 -6.091214218041358E-002 7 -7.543331852048271E-002 -7.511378349908200E-002
20.802540 -514.215465282306 -9.419814313482117E-002 -9.405880175597578E-002 1 -3.308169102327639E-002 -3.290544517787643E-002 2 -5.382876258323074E-002 -5.367666234086518E-002 3 -8.094742349348889E-002 -8.076957641937671E-002 4 -9.422728204193985E-002 -9.411641297765426E-002 5 -9.411508511801774E-002 -9.402659012365977E-002 6 -4.958365937789412E-002 -4.937521629716188E-002 7 -6.641311465135122E-002 -6.626407592128238E-002
21.044430 -514.215361197689 -5.776467446863704E-002 -5.770473704621373E-002 1 8.282859577511580E-003 8.400367646066732E-003 2 -1.554253735451243E-002 -1.545519622818465E-002 3 -3.738938785033284E-002 -3.722012154803236E-002 4 -6.102369006593158E-002 -6.105361637404432E-002 5 -5.695629419583511E-002 -5.694433280504262E-002 6 -7.072613776668827E-003 -6.938696947363296E-003 7 -2.719857634229953E-002 -2.708666083213150E-002
21.286320 -514.215339439525 7.535128195127930E-003 7.548010866354415E-003 1 7.458737119104383E-002 7.465989219981742E-002 2 4.785815290704364E-002 4.791909925749160E-002 3 3.238627312784759E-002 3.253948061799117E-002 4 1.110243729168452E-004 9.492062950312230E-006 5 8.780670909878755E-003 8.755259026813875E-003 6 6.038192066564885E-002 6.049154336849343E-002 7 3.687051969609349E-002 3.692027415264221E-002
21.528210 -514.215413959247 7.695062702098068E-002 7.698617022528005E-002 1 0.140105863017109 0.140236187213274 2 0.111664186367865 0.111767745037658 3 0.102553780068910 0.102770022108012 4 6.590281631749094E-002 6.584578051819438E-002 5 7.900558317363306E-002 7.903200634315620E-002 6 0.127034988986186 0.127188953866318 7 0.101632330576103 0.101566847561933
21.770100 -514.215534908578 0.124510055051671 0.124367772095302 1 0.178145990044154 0.178265519262579 2 0.149454578455750 0.149558771626744 3 0.145526464688384 0.145717239400921 4 0.109123916167817 0.109069816914602 5 0.126069588793823 0.126118100460769 6 0.165906553337676 0.166054961470387 7 0.144046434238034 0.143194507412215
22.011990 -514.215694304755 0.141827483450447 0.141975920145445 1 0.181325857555790 0.181265920056267 2 0.153395424159901 0.153308084018082 3 0.153057327963588 0.153052061141349 4 0.120065822440572 0.119860285905908 5 0.140159254267816 0.140096086032476 6 0.169489483221457 0.169418458536651 7 0.158623028918193 0.159101276422055
22.253880 -514.215824690948 0.131039768606400 0.131009465411293 1 0.157833440693467 0.157609754549652 2 0.131157047648466 0.130925272051929 3 0.133047939717934 0.132865574734131 4 0.105228044159674 0.104887521821039 5 0.127340371424409 0.127225832192379 6 0.146176424017646 0.145921773543859 7 0.145709465917201 0.145885455735361
22.495770 -514.215904959122 0.101881154770334 0.101723693003062 1 0.119400578743575 0.119134200029246 2 9.410513820424020E-002 9.384213888400447E-002 3 9.733734444254523E-002 9.711261012972662E-002 4 7.581462758193264E-002 7.544415013511953E-002 5 9.788071436148701E-002 9.781073147996584E-002 6 0.107937907951499 0.107653706572701 7 0.113278488306358 0.113017152376564
22.737660 -514.215944593425 6.522971280582059E-002 6.507745532140337E-002 1 7.474050180728951E-002 7.447665805051512E-002 2 5.078037647615460E-002 5.050880340265843E-002 3 5.481479480569396E-002 5.457023445337613E-002 4 4.103460955627283E-002 4.053560723650892E-002 5 5.961636410272541E-002 5.960420640584353E-002 6 6.335465895154699E-002 6.312155000199561E-002 7 7.426946451113048E-002 7.392848827862264E-002
22.979550 -514.215949472700 2.596637155920323E-002 2.581449279895822E-002 1 2.868792443583531E-002 2.849007851182876E-002 2 5.925132658110929E-003 5.734744454887793E-003 3 1.044055526927149E-002 1.027311742450712E-002 4 7.440804070470716E-003 6.873391388172898E-003 5 1.639042886930890E-002 1.654841572379680E-002 6 1.679768138715761E-002 1.663597544091177E-002 7 3.472757053741470E-002 3.451149996310073E-002
23.221440 -514.215906178659 -1.388228417144825E-002 -1.420980557153828E-002 1 -1.669235119102630E-002 -1.677479711282318E-002 2 -3.846078137372923E-002 -3.856059871681043E-002 3 -3.363735902599292E-002 -3.372291520289530E-002 4 -2.371520458920521E-002 -2.337039786587972E-002 5 -2.813393818020547E-002 -2.870730111073728E-002 6 -2.919808357323862E-002 -2.947821069577569E-002 7 -4.172821722009473E-003 -4.029989317200293E-003
23.463330 -514.215910759138 -5.247380099232036E-002 -5.208884008586859E-002 1 -6.057490698422386E-002 -6.056203393541540E-002 2 -8.155673355022172E-002 -8.152510331621773E-002 3 -7.649198046120989E-002 -7.646437543699502E-002 4 -5.550394336909360E-002 -5.529479912982998E-002 5 -6.846476064649147E-002 -6.887248936065382E-002 6 -7.032553880866628E-002 -7.119985045188974E-002 7 -4.576181468488461E-002 -4.454980458635540E-002
23.705220 -514.215851659106 -8.816215225297151E-002 -8.805580627514725E-002 1 -0.101921331864613 -0.101886442921878 2 -0.122321213220370 -0.122284933210327 3 -0.116972139257567 -0.116942547258624 4 -8.685198419943499E-002 -8.691049607880311E-002 5 -0.100368952615835 -0.101113130506047 6 -0.101129306752107 -0.100736457810602 7 -9.657899329954518E-002 -9.594408151199282E-002
23.947110 -514.215709852149 -0.117791558302244 -0.118212200885676 1 -0.138252370581990 -0.138186255704144 2 -0.158225807047948 -0.158151893066872 3 -0.152425211643640 -0.152372307703409 4 -0.111668551576020 -0.111975394091736 5 -0.120869468143573 -0.120656900262635 6 -0.131104292580823 -0.129562903648680 7 -0.146254505220511 -0.147273622796045
24.189000 -514.215572246874 -0.137193766127817 -0.137397753096419 1 -0.164730641475925 -0.164754167117674 2 -0.184298494510664 -0.184326569315925 3 -0.177706576587259 -0.177778414297227 4 -0.122043923684182 -0.122422619310051 5 -0.132939633644628 -0.131763291528453 6 -0.162563993086549 -0.162994007397263 7 -0.177931402992433 -0.178216334731729
24.430890 -514.215468451991 -0.139040240909990 -0.138890282836759 1 -0.174036638000484 -0.174141969295297 2 -0.193035381528911 -0.193137503077532 3 -0.185001816752084 -0.185189573104682 4 -0.111226647313401 -0.111012703664092 5 -0.136772510230053 -0.136545564226591 6 -0.176983235148202 -0.177396137765283 7 -0.187487801686575 -0.187658894684028
24.672780 -514.215394643982 -0.116443066182538 -0.116312541452471 1 -0.158611627828190 -0.158760749766743 2 -0.176530877175112 -0.176695116679708 3 -0.165907430715076 -0.166236556293832 4 -7.695306081808199E-002 -7.655232021799037E-002 5 -0.121055694279957 -0.121258852725183 6 -0.163219346502347 -0.163525357054340 7 -0.170543076039922 -0.170723855690529
24.914670 -514.215381090288 -6.883193187314002E-002 -6.871521032508025E-002 1 -0.116707310260120 -0.116826408434375 2 -0.132624781377814 -0.132738570114550 3 -0.117164169145273 -0.117735106005021 4 -2.310509266805011E-002 -2.254221768286523E-002 5 -8.002580424192299E-002 -8.014347116849392E-002 6 -0.120937063207606 -0.121125813349533 7 -0.125869367282077 -0.125995608710414
25.156560 -514.215443655302 -8.436895558627418E-003 -8.264016911819950E-003 1 -5.922731786805134E-002 -5.928398433066921E-002 2 -7.203753837849335E-002 -7.212117975687130E-002 3 -4.475908381280742E-002 -4.675032047800977E-002 4 3.242273828927793E-002 3.439790512926821E-002 5 -2.476989490922170E-002 -2.480226405415015E-002 6 -6.196637873965238E-002 -6.208582504118208E-002 7 -6.456766792620892E-002 -6.465152324409182E-002
25.398450 -514.215459411939 4.121882320800459E-002 3.995764192963501E-002 1 -7.116902973090877E-003 -7.169394387177770E-003 2 -1.604134316671196E-002 -1.610284498744522E-002 3 4.127059849450428E-002 3.970431746096716E-002 4 5.701791118431862E-002 5.852198164020506E-002 5 2.351407749058274E-002 2.349260754400397E-002 6 -7.935472889093471E-003 -8.022539962045862E-003 7 -7.973309815226429E-003 -8.048506468077777E-003
25.640340 -514.215602008790 7.140495591203899E-002 7.164590011709679E-002 1 2.322374609464043E-002 2.300885089931311E-002 2 1.833208619786540E-002 1.811974857002665E-002 3 0.102733673914845 0.105233098294193 4 5.736613205383114E-002 5.456882822069137E-002 5 4.940505243141876E-002 4.922080556796039E-002 6 2.424303901943742E-002 2.401273910684799E-002 7 2.714617428906631E-002 2.689900108204824E-002
25.882230 -514.215695545089 7.690871486782075E-002 7.672287539389226E-002 1 2.915825844404296E-002 2.882590318225811E-002 2 2.814083559435615E-002 2.778933489030323E-002 3 0.115808801024810 0.116034547396875 4 5.456071147335392E-002 5.377161572283277E-002 5 5.155138165688736E-002 5.118621639342379E-002 6 3.183407632970475E-002 3.147379831510855E-002 7 3.826572049938319E-002 3.786839914045930E-002
26.124120 -514.215737067375 6.659155218113820E-002 6.613317062691530E-002 1 1.793335112944682E-002 1.746863228193651E-002 2 2.073375961225359E-002 2.025101789762158E-002 3 0.100898265350329 0.100622767669599 4 4.433380168962415E-002 4.382429993470485E-002 5 3.804358643520984E-002 3.751271289951250E-002 6 2.238418643520735E-002 2.186338400921665E-002 7 3.317621824466989E-002 3.260788743254184E-002
26.366010 -514.215742872532 4.754994181306853E-002 4.705041501407415E-002 1 -2.076595460862921E-003 -2.581040279262810E-003 2 4.664190882463106E-003 4.153020791205404E-003 3 7.571968106369822E-002 7.533769662653973E-002 4 2.652421071780760E-002 2.607222366838675E-002 5 1.764524435518935E-002 1.704286234327418E-002 6 4.882916678657230E-003 4.232165032854443E-003 7 2.060169368715807E-002 2.004283947338188E-002
26.607900 -514.215731614930 2.451049689645186E-002 2.411226053978358E-002 1 -2.448889310871675E-002 -2.498638999984007E-002 2 -1.356770816606094E-002 -1.406363544273147E-002 3 4.820543250823087E-002 4.784783267406818E-002 4 5.933397347760519E-003 5.554169485616618E-003 5 -3.133794241971903E-003 -3.772052218362139E-003 6 -1.236295769005577E-002 -1.345746213520355E-002 7 5.693059653544543E-003 5.591724123270159E-003
26.849790 -514.215736005224 3.132728569752807E-004 2.912389300253835E-004 1 -4.554589007804052E-002 -4.597593296511630E-002 2 -3.028641690691592E-002 -3.074743486062937E-002 3 2.197985133622574E-002 2.170190229633751E-002 4 -1.433492364930739E-002 -1.461085641583277E-002 5 -2.032451638312047E-002 -2.103991356819793E-002 6 -1.932877415164613E-002 -2.133253510440462E-002 7 -1.426055813291764E-002 -1.330836314520173E-002
27.091680 -514.215687532939 -2.300956018797198E-002 -2.350141430915921E-002 1 -6.349838176716209E-002 -6.384840089980418E-002 2 -4.391896508171075E-002 -4.433114256991690E-002 3 -2.115800525072901E-003 -2.161449739400560E-003 4 -3.357108417100585E-002 -3.355396722557279E-002 5 -3.100792457943655E-002 -3.203833985811624E-002 6 -1.361808669490696E-002 -1.324934436906256E-002 7 -3.912915251593946E-002 -4.039234600457334E-002
27.333570 -514.215656236573 -4.522670719545192E-002 -4.534107722803174E-002 1 -7.839015523839632E-002 -7.841244410920258E-002 2 -5.411545018733346E-002 -5.438501188409072E-002 3 -2.635883398276587E-002 -2.557701009159095E-002 4 -5.522015677681623E-002 -5.384387813355269E-002 5 -2.905571108541941E-002 -3.173216875303512E-002 6 -6.569525603400155E-003 -6.245625002648526E-003 7 -5.699639164534794E-002 -5.828148397514905E-002
27.575460 -514.215568923462 -6.727549812867176E-002 -6.751367876860978E-002 1 -9.624660894963766E-002 -9.408627652266316E-002 2 -6.243440493721564E-002 -6.182396031406185E-002 3 -5.016478289686047E-002 -5.372872590471436E-002 4 -9.676926864501056E-002 -9.207119189719848E-002 5 7.283996116186568E-003 1.420621096740304E-003 6 -8.766532764686417E-003 -5.853388026888824E-003 7 -6.305546119889746E-002 -6.234443958308943E-002
27.817350 -514.215433923053 -5.990512880783293E-002 -6.273657487055403E-002 1 -0.108412357815130 -0.111109384880772 2 -6.758466334394292E-002 -6.872021032787361E-002 3 -4.109872683498751E-002 -3.888953602327414E-002 4 -9.746163726623011E-002 -0.107169440232336 5 -6.992741076002558E-006 1.042370640407243E-002 6 -1.782156733523205E-002 -2.014850179743908E-002 7 -7.767427572175230E-002 -7.825952448617524E-002
28.059240 -514.215513597429 -5.399987634199718E-002 -5.272992039253469E-002 1 -0.114192015983799 -0.114121583562760 2 -7.298604406497441E-002 -7.329921956279105E-002 3 -2.334159368036044E-002 -2.183235353477880E-002 4 -6.180827392170601E-002 -5.568698813838421E-002 5 -5.351067661998665E-002 -6.029427370671427E-002 6 -3.090832786847291E-002 -3.143799615054741E-002 7 -9.933110727797406E-002 -0.100362659446808
28.301130 -514.215510991789 -6.185892224692839E-002 -6.177924589842872E-002 1 -0.112646017619033 -0.112593306183723 2 -7.092030764227022E-002 -7.098369913679162E-002 3 -2.796057916661488E-002 -2.797204871137264E-002 4 -4.676718694872187E-002 -4.591854241645883E-002 5 -7.836094925302869E-002 -7.951131562548938E-002 6 -3.040475963758787E-002 -3.048689880006759E-002 7 -0.106801126047105 -0.107117552577756
28.543020 -514.215496043571 -5.972467633633141E-002 -5.988759135036199E-002 1 -0.111741786634230 -0.111733338539366 2 -6.724761175261487E-002 -6.727843806860805E-002 3 -3.462953451027508E-002 -3.477287529021605E-002 4 -5.366984060048167E-002 -5.378225478382261E-002 5 -7.549030631106568E-002 -7.559162060288444E-002 6 -2.811080446495304E-002 -2.813010205612772E-002 7 -0.108228709987313 -0.108408985205906
28.784910 -514.215486110721 -5.540098798942567E-002 -5.552329598882420E-002 1 -0.111397887138547 -0.111427779521212 2 -6.344629819890837E-002 -6.344380422696838E-002 3 -3.826198164475773E-002 -3.837376911833360E-002 4 -6.010605987933356E-002 -6.025967999665178E-002 5 -6.987907108183382E-002 -6.986988617256210E-002 6 -2.720949982282705E-002 -2.721534486463245E-002 7 -0.107348618319726 -0.107550903901258
29.026800 -514.215474022901 -5.399557914548099E-002 -5.420042942811139E-002 1 -0.111106932753637 -0.111116696604070 2 -5.963856067021991E-002 -5.963129184030470E-002 3 -3.848393953312537E-002 -3.858285179410759E-002 4 -6.386789239424327E-002 -6.400085809279493E-002 5 -6.495729212753765E-002 -6.492818483880554E-002 6 -2.870311556799592E-002 -2.867830403619401E-002 7 -0.103624316373242 -0.104504059996140
29.268690 -514.215413332074 -4.991665756344552E-002 -5.113708267684182E-002 1 -0.110180433741759 -0.110195936040369 2 -5.548925012544612E-002 -5.549391430858752E-002 3 -3.605885388137047E-002 -3.611798504888673E-002 4 -6.563217499094685E-002 -6.573798619373325E-002 5 -6.064077729579229E-002 -6.064640765652293E-002 6 -3.195760340245893E-002 -3.199533276612890E-002 7 -7.809636036705554E-002 -8.451618884540477E-002
29.510580 -514.215460702672 -3.992403978960705E-002 -3.912345609080892E-002 1 -0.108446327416787 -0.108474398966180 2 -5.120966858837776E-002 -5.120847689674672E-002 3 -3.239321916007793E-002 -3.245744127537149E-002 4 -6.648544095889566E-002 -6.658652278949026E-002 5 -5.679647588464728E-002 -5.679381514229718E-002 6 -3.574734943682683E-002 -3.577101251196392E-002 7 -4.034262712742946E-002 -3.512209055609590E-002
29.752470 -514.215462027630 -3.543904795708930E-002 -3.542090694566646E-002 1 -0.105667621504034 -0.105694403056037 2 -4.651531425265942E-002 -4.651016507162985E-002 3 -2.769529610584919E-002 -2.776321883049860E-002 4 -6.659327623533870E-002 -6.668164227444064E-002 5 -5.302832105506625E-002 -5.302018426642532E-002 6 -3.968667874222237E-002 -3.967293645005465E-002 7 -2.288141052411175E-002 -2.240418945383103E-002
29.994360 -514.215461432372 -4.083133364299005E-002 -4.084151500929403E-002 1 -0.101508623019354 -0.101494800776368 2 -4.091816346663520E-002 -4.088941798381855E-002 3 -2.276864542238072E-002 -2.280061354301871E-002 4 -6.572462127385635E-002 -6.578220466473308E-002 5 -4.817557218863310E-002 -4.815207190788071E-002 6 -4.190765566407344E-002 -4.190572067548323E-002 7 -1.921732345354960E-002 -1.911798145213291E-002
30.236250 -514.215468997769 -4.614140894773698E-002 -4.597684925075861E-002 1 -9.598219134071162E-002 -9.600448326149115E-002 2 -3.450121661669958E-002 -3.447484238692260E-002 3 -1.861096349189759E-002 -1.860316192865123E-002 4 -6.348208858645150E-002 -6.353130180177223E-002 5 -4.099083511078636E-002 -4.097302893825160E-002 6 -4.027135161990621E-002 -4.029363822902238E-002 7 -1.555302994781142E-002 -1.551564583743958E-002
30.478140 -514.215473030657 -3.983451748730986E-002 -3.979276823756549E-002 1 -8.907451318404025E-002 -8.906036469138824E-002 2 -2.756354378959911E-002 -2.757613824570807E-002 3 -1.520285097564777E-002 -1.522735369566590E-002 4 -5.924740953576198E-002 -5.929560313053706E-002 5 -3.105516206007214E-002 -3.104992529693476E-002 6 -3.456920488218419E-002 -3.459502679706805E-002 7 -1.039606322036963E-002 -1.039665885642409E-002
30.720030 -514.215467636029 -2.734678976787173E-002 -2.755225426954886E-002 1 -8.068825988310903E-002 -8.071962908280315E-002 2 -2.008304943503896E-002 -2.008000730626740E-002 3 -1.160409058722165E-002 -1.158358970221083E-002 4 -5.272232301310683E-002 -5.275954003857012E-002 5 -1.963600843554311E-002 -1.961998685032585E-002 6 -2.730242905004154E-002 -2.733665834007885E-002 7 -4.181635929894215E-003 -4.181608824872056E-003
30.961920 -514.215460370532 -2.106647720990627E-002 -2.128464280576928E-002 1 -7.122414325659672E-002 -7.125662884807200E-002 2 -1.204898903857558E-002 -1.208219738470062E-002 3 -7.107594259133840E-003 -7.141999296504532E-003 4 -4.447164965143941E-002 -4.453503160611044E-002 5 -9.053869646564305E-003 -9.016590386896440E-003 6 -2.157234620051920E-002 -2.157924209249053E-002 7 1.983614656106828E-003 1.971452995219578E-003
31.203810 -514.215458480888 -1.833858565832025E-002 -1.836659147486492E-002 1 -6.147250189253457E-002 -6.140396463754570E-002 2 -3.906989715197149E-003 -3.862903728710658E-003 3 -1.761880042752370E-003 -1.723837330555599E-003 4 -3.541787799866174E-002 -3.546675459344310E-002 5 -1.015977173748346E-003 -8.559261841690441E-004 6 -1.862199324044876E-002 -1.860191266332025E-002 7 7.352595816500942E-003 7.391976272881936E-003
31.445700 -514.215456262844 -1.150154013645180E-002 -1.149668928971121E-002 1 -5.196386542006051E-002 -5.206861008032348E-002 2 3.749933292949102E-003 3.664449221514705E-003 3 4.159468685788113E-003 4.093914629895579E-003 4 -2.583886403913413E-002 -2.614930407015065E-002 5 3.711610354152649E-003 3.864170992755243E-003 6 -1.809823959537660E-002 -1.816017888735761E-002 7 1.179882128320166E-002 1.174923731600182E-002
31.687590 -514.215463219119 -1.947564987558589E-003 -1.679008470578205E-003 1 -4.279647042480056E-002 -4.278462201543846E-002 2 1.070400766402034E-002 1.070724541432041E-002 3 1.063621125329445E-002 1.064070594720813E-002 4 -1.471971836166600E-002 -1.509349645452598E-002 5 4.571197255187336E-003 4.986380938955630E-003 6 -1.928168553995325E-002 -1.927146111873493E-002 7 1.550493615974832E-002 1.551695259926901E-002
31.929480 -514.215466404860 3.774342384708944E-003 3.990058362721179E-003 1 -3.350867989402373E-002 -3.345472771836083E-002 2 1.746351030031581E-002 1.749756082216884E-002 3 1.757668320563848E-002 1.761432242986247E-002 4 -8.606816497588213E-004 -9.292909734687099E-004 5 2.449811161031093E-003 2.571535392487992E-003 6 -2.099053866143763E-002 -2.101380376180671E-002 7 1.900147581197821E-002 1.903466924864819E-002
32.171370 -514.215462609495 5.228300262133192E-003 5.238985452883625E-003 1 -2.315574204698154E-002 -2.315639430751212E-002 2 2.503126199878302E-002 2.503796092821424E-002 3 2.457528869658007E-002 2.457057497005189E-002 4 1.405081145090198E-002 1.441307082426253E-002 5 1.842323546002931E-003 1.491326896319118E-003 6 -2.166113525212884E-002 -2.166055886140188E-002 7 2.311412499920542E-002 2.312683828450955E-002
32.413260 -514.215463182579 1.248059247295834E-002 1.251674036788811E-002 1 -1.119961002037402E-002 -1.126284889308954E-002 2 3.382264856185956E-002 3.380299262128600E-002 3 3.098327729328890E-002 3.097457793527202E-002 4 2.739184371428928E-002 2.761340708625906E-002 5 6.425191021912842E-003 6.177630279307284E-003 6 -2.031528199125117E-002 -2.036304151277673E-002 7 2.828454317789223E-002 2.825973819841575E-002
32.655150 -514.215461684781 2.829576017086577E-002 2.821817207972679E-002 1 1.647286364067503E-003 1.614902088142368E-003 2 4.303696792409087E-002 4.303613046277157E-002 3 3.630044413911963E-002 3.628700273109503E-002 4 3.846383057611723E-002 3.857457535858115E-002 5 1.472715411655978E-002 1.461099544235624E-002 6 -1.745116416613106E-002 -1.748302760096604E-002 7 3.397249990410374E-002 3.396444137711156E-002
32.897040 -514.215458385429 3.956877509514742E-002 3.942651258113111E-002 1 1.364567474167658E-002 1.366131630925578E-002 2 5.124788642494157E-002 5.128958809301246E-002 3 4.046975745893718E-002 4.049060154566595E-002 4 4.685866510035137E-002 4.694601231302797E-002 5 2.332031961796087E-002 2.330964051574819E-002 6 -1.453733935141050E-002 -1.455844287846736E-002 7 3.902154331672588E-002 3.903993391273067E-002
33.138930 -514.215456019549 3.711920146960877E-002 3.701774265981578E-002 1 2.354820517156671E-002 2.360019235090925E-002 2 5.766151932098075E-002 5.769692560988544E-002 3 4.389932639739415E-002 4.392161495769144E-002 4 5.243246610884282E-002 5.249926281081458E-002 5 3.032036954446222E-002 3.032308127574563E-002 6 -1.252714488879858E-002 -1.253577290784579E-002 7 4.275320700185132E-002 4.278819003693918E-002
33.380820 -514.215454738922 2.884772024856701E-002 2.880154141257999E-002 1 3.140964497719184E-002 3.138422479430304E-002 2 6.246962074353936E-002 6.245816090334644E-002 3 4.724281198177798E-002 4.723103086281354E-002 4 5.592361444483527E-002 5.593353566908603E-002 5 3.565612393315014E-002 3.561987945159878E-002 6 -1.143120935043641E-002 -1.150501780817375E-002 7 4.520775579036533E-002 4.520052152134678E-002
33.622710 -514.215457904183 2.825974864407857E-002 2.831999819632752E-002 1 3.793713844043387E-002 3.797906250645601E-002 2 6.630799343456646E-002 6.637440793408629E-002 3 5.093038814983980E-002 5.098629641179986E-002 4 5.842900056050370E-002 5.850277530347756E-002 5 4.005215372411841E-002 4.010172553438698E-002 6 -1.069466512720714E-002 -1.076089738973681E-002 7 4.662507627746316E-002 4.667598199932017E-002
33.864600 -514.215459843607 3.717703842952401E-002 3.720788261155593E-002 1 4.399076242910824E-002 4.398380757960179E-002 2 6.974981008025566E-002 6.975556005222810E-002 3 5.468536682440226E-002 5.468875306966699E-002 4 6.081391447882099E-002 6.083609379146074E-002 5 4.427589214126641E-002 4.426385820157125E-002 6 -9.220528069825097E-003 -9.320552175385945E-003 7 4.717059822164552E-002 4.722797075753456E-002
34.106490 -514.215464213632 4.639410451798190E-002 4.646256240376396E-002 1 5.008404170769314E-002 5.011246383785706E-002 2 7.295392864189165E-002 7.299685138260238E-002 3 5.764085913974239E-002 5.766957342453885E-002 4 6.321863496656754E-002 6.326769811834555E-002 5 4.863504529386360E-002 4.865792403551188E-002 6 -5.642991538347735E-003 -5.805802204223392E-003 7 4.676917991908049E-002 4.689425964336444E-002
34.348380 -514.215468354333 5.035372015738958E-002 5.038376752074571E-002 1 5.582230555019383E-002 5.584223518179159E-002 2 7.550857407309351E-002 7.555089088479808E-002 3 5.919534489658333E-002 5.922277636422459E-002 4 6.503784868204594E-002 6.508827822082215E-002 5 5.267199964600453E-002 5.269517513867963E-002 6 8.100099149115551E-004 5.730728181704816E-004 7 4.482701400580297E-002 4.502712293899154E-002
34.590270 -514.215474505121 5.229852509355609E-002 5.234093829416941E-002 1 6.020946156317633E-002 6.025498855281883E-002 2 7.689453610100516E-002 7.694254787118004E-002 3 5.957272764561985E-002 5.960911411784958E-002 4 6.567052034784268E-002 6.573010263582713E-002 5 5.559731067235402E-002 5.563104083516291E-002 6 1.007762964428761E-002 9.816423969471688E-003 7 4.028505100598462E-002 4.053142182293454E-002
34.832160 -514.215483791071 5.732896898201961E-002 5.740647099286813E-002 1 6.267124745067745E-002 6.270393483658820E-002 2 7.705709816532494E-002 7.710902536549204E-002 3 5.933888072634346E-002 5.938060960165554E-002 4 6.512699887824365E-002 6.518163242968214E-002 5 5.711150494478486E-002 5.715789067982820E-002 6 2.165029176630596E-002 2.155223556849265E-002 7 3.260936567828088E-002 3.268045446608144E-002
35.074050 -514.215488871282 6.279562773355583E-002 6.279294431508373E-002 1 6.345974733391117E-002 6.354378861452384E-002 2 7.621392090771122E-002 7.628905540649569E-002 3 5.853128097716683E-002 5.858641371651754E-002 4 6.366525057970064E-002 6.374958188688672E-002 5 5.743901488025046E-002 5.750767714955245E-002 6 3.394843786867305E-002 3.422405947255804E-002 7 2.352401950680335E-002 2.329278587346376E-002
35.315940 -514.215487883633 5.908998259419251E-002 5.900174018602880E-002 1 6.301459953492035E-002 6.310099700437996E-002 2 7.428121815048336E-002 7.436706561955111E-002 3 5.654814335272830E-002 5.662703203480344E-002 4 6.116606447484457E-002 6.125597236188546E-002 5 5.662268798436002E-002 5.670034633963517E-002 6 4.418506468342214E-002 4.460676201923519E-002 7 1.663187242108213E-002 1.627249961423351E-002
35.557830 -514.215488334749 4.569280438090026E-002 4.566162543629253E-002 1 6.138081322533081E-002 6.144404588603647E-002 2 7.090759908614150E-002 7.098718359277249E-002 3 5.283239171219727E-002 5.290488267381860E-002 4 5.721679708471197E-002 5.729977428372748E-002 5 5.434445936558954E-002 5.441577610811030E-002 6 5.056884959535641E-002 5.089409422589340E-002 7 1.395475951763798E-002 1.370250329725163E-002
35.799720 -514.215494015008 3.448853690654557E-002 3.454600396449199E-002 1 5.825419613294250E-002 5.837682137526934E-002 2 6.587395269840172E-002 6.599278137488071E-002 3 4.736058125602814E-002 4.746572000454313E-002 4 5.161802925597165E-002 5.174458894200891E-002 5 5.034545992226281E-002 5.047153821832790E-002 6 5.316662372989296E-002 5.341940530472174E-002 7 1.453132097973485E-002 1.442060424197184E-002
36.041610 -514.215499349863 2.992043845222788E-002 2.995541283541950E-002 1 5.314379989410430E-002 5.323869435998434E-002 2 5.900892032087791E-002 5.912208972390765E-002 3 4.024488195889080E-002 4.034589628740165E-002 4 4.433809020624969E-002 4.444432838109189E-002 5 4.442809320075734E-002 4.454558803539504E-002 6 5.245010578985900E-002 5.264705864800895E-002 7 1.678958871237204E-002 1.662739375694830E-002
36.283500 -514.215502853744 2.519812692949384E-002 2.520112275218477E-002 1 4.553162383339048E-002 4.568900888929681E-002 2 4.997829838605146E-002 5.012529003615897E-002 3 3.121501032988381E-002 3.135827885139836E-002 4 3.510813219374714E-002 3.525631023929255E-002 5 3.620913873730772E-002 3.635726330598954E-002 6 4.865257183740950E-002 4.887449106058599E-002 7 2.111002392804439E-002 2.079556883721243E-002
36.525390 -514.215529906837 1.980227256086919E-002 2.012949770523405E-002 1 3.527925272356482E-002 3.541793437132137E-002 2 3.854878193761354E-002 3.869540455666130E-002 3 1.975912109001163E-002 1.990701113296619E-002 4 2.352311555969895E-002 2.367045561359702E-002 5 2.538527786030249E-002 2.553782978971032E-002 6 4.199781460728669E-002 4.219593401921707E-002 7 2.657693889393956E-002 2.735604855446349E-002
36.767280 -514.215564424137 1.854853881231766E-002 1.894925578409095E-002 1 2.284634538524033E-002 2.303168111097710E-002 2 2.486248976942936E-002 2.504158119147244E-002 3 5.400124895221898E-003 5.570853490717752E-003 4 9.353841515797512E-003 9.521657083356739E-003 5 1.208142702204002E-002 1.226782491082960E-002 6 3.260191401229917E-002 3.282697676391728E-002 7 2.629955070040856E-002 2.723929802267695E-002
37.009170 -514.215585965765 1.169189122326209E-002 1.193263686974472E-002 1 8.334315711770780E-003 8.488344362729012E-003 2 8.991640354857659E-003 9.168173567089769E-003 3 -1.206946235570262E-002 -1.188350198726716E-002 4 -7.487762104961762E-003 -7.316012093117425E-003 5 -3.684488777853869E-003 -3.500785894666072E-003 6 2.035001764212133E-002 2.055608469607042E-002 7 1.685661203599817E-002 1.726629802533011E-002
37.251060 -514.215596337328 -8.253624252060438E-003 -8.075978138055117E-003 1 -8.393995114449071E-003 -8.211806502804465E-003 2 -8.989379576437015E-003 -8.803901211686652E-003 3 -3.219856128628451E-002 -3.201104118586659E-002 4 -2.673968054855870E-002 -2.656289856395917E-002 5 -2.187877852671373E-002 -2.168878413871130E-002 6 5.458107786279950E-003 5.671475468301490E-003 7 1.810330143874065E-003 2.073548731531546E-003
37.492950 -514.215595418110 -3.453870495694489E-002 -3.437607676852861E-002 1 -2.694827986701247E-002 -2.677896945038426E-002 2 -2.863494815280527E-002 -2.847377213888827E-002 3 -5.409681474683640E-002 -5.393553943929353E-002 4 -4.770771843873795E-002 -4.756472735236546E-002 5 -4.203171164437973E-002 -4.188208512816094E-002 6 -1.119896700571430E-002 -1.098276656275108E-002 7 -1.620804637293901E-002 -1.601528366582850E-002
37.734840 -514.215577601966 -5.760231742233429E-002 -5.749337574546446E-002 1 -4.589600410706232E-002 -4.579740459300269E-002 2 -4.868077783365919E-002 -4.856946557965067E-002 3 -7.647973490935217E-002 -7.635975524252658E-002 4 -6.905786719526472E-002 -6.895883286446865E-002 5 -6.281250781019204E-002 -6.270795876973892E-002 6 -2.808252802398693E-002 -2.794796506505795E-002 7 -3.511830440134548E-002 -3.500101940345139E-002
37.976730 -514.215544508597 -7.553376518024711E-002 -7.544355491216252E-002 1 -6.230437160426363E-002 -6.220437118693126E-002 2 -6.645569986342932E-002 -6.636360237782388E-002 3 -9.704951993606821E-002 -9.697157197900456E-002 4 -8.833541339696596E-002 -8.828008252125584E-002 5 -8.146958265139935E-002 -8.140580531287399E-002 6 -4.272814151938799E-002 -4.259676430079112E-002 7 -5.167345372628314E-002 -5.157606880104661E-002
38.218620 -514.215491730070 -8.674017896450972E-002 -8.677418056644223E-002 1 -7.180187936672897E-002 -7.187838827213083E-002 2 -7.778924389617003E-002 -7.784287841217519E-002 3 -0.112050975286003 -0.112108449644335 4 -0.101688790174315 -0.101791289354992 5 -9.378371171333043E-002 -9.387353630179043E-002 6 -5.149108070635323E-002 -5.151105627928658E-002 7 -6.127384407219248E-002 -6.132026932752638E-002
38.460510 -514.215432120207 -8.559549123721470E-002 -8.569904322717092E-002 1 -6.950601219926239E-002 -6.955810697762073E-002 2 -7.777419255937244E-002 -7.782928953680972E-002 3 -0.116674585590472 -0.116721278599349 4 -0.104132712712712 -0.104226424916147 5 -9.480938667230107E-002 -9.492263529471992E-002 6 -4.990559058517118E-002 -4.989541908373757E-002 7 -5.907371985215177E-002 -5.912862153597004E-002
38.702400 -514.215378768114 -7.182973429819102E-002 -7.199274788188580E-002 1 -5.188375737586145E-002 -5.196489278286725E-002 2 -6.254928245832282E-002 -6.264935622313413E-002 3 -0.106716990702309 -0.106824741141503 4 -9.112551117409118E-002 -9.130638348610083E-002 5 -8.050208376601063E-002 -8.068714378464963E-002 6 -3.435491551400559E-002 -3.436491955746953E-002 7 -4.183545652086470E-002 -4.190722946051377E-002
38.944290 -514.215353123008 -4.643104347228118E-002 -4.648922489527207E-002 1 -1.908596389279289E-002 -1.911528065657728E-002 2 -3.181034670883902E-002 -3.184199745096579E-002 3 -8.129492139249313E-002 -8.131436703986682E-002 4 -6.148365886280701E-002 -6.164150059418709E-002 5 -5.015269237720477E-002 -5.028201003956569E-002 6 -4.953747876266179E-003 -4.863973766285092E-003 7 -9.904292802091586E-003 -9.931805257624762E-003
39.186180 -514.215359912960 -6.808705261580897E-003 -6.766495930339384E-003 1 2.305780145760050E-002 2.313105081085391E-002 2 8.929832288819420E-003 8.985506279446383E-003 3 -4.539269482376861E-002 -4.531551200390457E-002 4 -1.994953766292582E-002 -2.009417673248676E-002 5 -9.010088910090199E-003 -9.022539218681437E-003 6 3.199426405188095E-002 3.218422007820715E-002 7 3.104693139810326E-002 3.110749601833007E-002
39.428070 -514.215391413672 3.863644685163503E-002 3.869969143167901E-002 1 6.343057610632848E-002 6.349661675512162E-002 2 4.866623531480945E-002 4.873703102028019E-002 3 -9.706094207646503E-003 -9.597668084715677E-003 4 2.325606647153084E-002 2.302041520327949E-002 5 3.151963859501480E-002 3.161096658366684E-002 6 6.533023551458690E-002 6.551017276845068E-002 7 7.027338740496863E-002 7.033220758248890E-002
39.669960 -514.215434086438 6.815529450415904E-002 6.816194364406002E-002 1 9.178823205748692E-002 9.183602070378558E-002 2 7.709814614837647E-002 7.716787346987806E-002 3 1.535074352777071E-002 1.547688985506772E-002 4 5.826736956969525E-002 5.802559484089531E-002 5 6.019495123076766E-002 6.037159157787259E-002 6 8.624905038751782E-002 8.638159035121167E-002 7 9.787308684474098E-002 9.790448447265268E-002
39.911850 -514.215475249637 7.277072002869853E-002 7.268876083744885E-002 1 0.105196969120467 0.105153440793099 2 9.104936582775125E-002 9.104204929409918E-002 3 2.613737001531061E-002 2.615028425567182E-002 4 8.099181804520118E-002 8.084708974218520E-002 5 7.348136680975396E-002 7.350761318589286E-002 6 9.358097127154212E-002 9.357530473406420E-002 7 0.111168028682253 0.111097806489248
40.153740 -514.215512713312 6.768192109265571E-002 6.763081770848556E-002 1 0.106676664963311 0.106569959065572 2 9.320587717961097E-002 9.313934277582396E-002 3 2.499781283359708E-002 2.491765941795515E-002 4 9.181779474809261E-002 9.183935292861188E-002 5 7.485725047676464E-002 7.473645054249835E-002 6 9.086798271980168E-002 9.077431302220650E-002 7 0.113330300031139 0.113191728922454
40.395630 -514.215535748373 6.648921581799194E-002 6.639255552611607E-002 1 0.100761133492919 0.100633808327781 2 8.790214065057488E-002 8.778830227231188E-002 3 1.626502836630009E-002 1.606864139758966E-002 4 9.308893877093247E-002 9.313938003114018E-002 5 6.949564361950450E-002 6.932923978761328E-002 6 8.214578800866022E-002 8.200093143972394E-002 7 0.108918083148873 0.108745372364530
40.637520 -514.215540887024 6.394740172971941E-002 6.376075629824599E-002 1 9.150883019696791E-002 9.133959732324844E-002 2 7.920809139722450E-002 7.905473891968161E-002 3 4.245135087641965E-003 3.948460681325138E-003 4 8.842024467012694E-002 8.841035599855977E-002 5 6.140339253959182E-002 6.124474042682892E-002 6 7.093239072537574E-002 7.073740406322439E-002 7 0.101932261746976 0.101724222800364
40.879410 -514.215531604720 5.319212194932488E-002 5.294507819055316E-002 1 8.186607767130202E-002 8.167777556915268E-002 2 7.017370533577552E-002 7.000318302700342E-002 3 -7.481040936941686E-003 -7.820759546972502E-003 4 8.138848169730623E-002 8.131229179318344E-002 5 5.294510599739911E-002 5.283038949334486E-002 6 5.998107394538205E-002 5.977149126601312E-002 7 9.512882676736314E-002 9.493196996042934E-002
41.121300 -514.215519537425 3.951837290265083E-002 3.931815254756092E-002 1 7.333830074284960E-002 7.321708826298026E-002 2 6.236994206345119E-002 6.224782668420741E-002 3 -1.639833798986634E-002 -1.677637685202708E-002 4 7.423413910591004E-002 7.418579885106562E-002 5 4.492178935703215E-002 4.488574569268745E-002 6 5.089362338530565E-002 5.072063761526305E-002 7 8.944312145465899E-002 8.937854760189627E-002
41.363190 -514.215511175373 3.241895631092141E-002 3.229645745574950E-002 1 6.627004548656978E-002 6.616825639981479E-002 2 5.617120414153974E-002 5.608570484829320E-002 3 -2.073982284180678E-002 -2.119064143221225E-002 4 6.787166202109822E-002 6.782832903898887E-002 5 3.725042194671633E-002 3.718008808085486E-002 6 4.428161176891601E-002 4.412151950534862E-002 7 8.391874447227810E-002 8.407708169927067E-002
41.605080 -514.215516769055 3.443753604066467E-002 3.447749305102764E-002 1 6.059381216596277E-002 6.054553540800427E-002 2 5.148604794920132E-002 5.145070169845445E-002 3 -1.893051827297677E-002 -1.940026947378893E-002 4 6.248497794523195E-002 6.249804561584375E-002 5 3.087899270427080E-002 3.038954107549312E-002 6 4.026627989612189E-002 4.012134122884514E-002 7 7.542387750724387E-002 7.621911677623165E-002
41.846970 -514.215870167943 3.191491773925149E-002 3.583436364276391E-002 1 5.609859413514259E-002 5.613255825375452E-002 2 4.801417646421390E-002 4.805546565622959E-002 3 1.735233210717565E-002 -7.465732549594643E-004 4 3.023406746808338E-002 4.820005007675732E-002 5 3.198859458238629E-002 3.009129772207850E-002 6 3.818758073151170E-002 3.838984099310086E-002 7 5.649254432864637E-002 5.836926584336379E-002
42.088860 -514.215850571179 4.706497570866684E-002 4.692316921496937E-002 1 5.182613084952311E-002 5.192103549654085E-002 2 4.475126040723418E-002 4.485247127165829E-002 3 5.107082559914414E-002 5.318566423026703E-002 4 4.671425447392636E-003 2.985719800154329E-003 5 4.641494994904078E-002 4.648135323645824E-002 6 3.482913822801939E-002 3.502014383097631E-002 7 2.370300302639844E-002 2.338280958312374E-002
42.330750 -514.215827275854 4.439609725362421E-002 4.407529273561141E-002 1 4.632733356904987E-002 4.652312478251393E-002 2 4.028416172249028E-002 4.048912783551060E-002 3 4.847374374734542E-002 4.868464365376593E-002 4 1.284980651621789E-002 1.348314396120722E-002 5 6.013741314571736E-002 6.160949695632376E-002 6 2.975282026111271E-002 2.977005332915893E-002 7 -8.438870059059399E-003 -9.942243834327777E-003
42.572640 -514.215849923465 3.897481059080951E-002 3.911832790278149E-002 1 3.766126394955392E-002 3.796938247713221E-002 2 3.261530494816283E-002 3.292995269472047E-002 3 4.012748687719880E-002 4.042495954765899E-002 4 1.750904604475938E-002 1.811390893907871E-002 5 5.899771895944687E-002 5.986006614283709E-002 6 2.320311625500016E-002 2.353733672315685E-002 7 -2.762562592254943E-002 -2.840901346750468E-002
42.814530 -514.215897749033 3.098809317557533E-002 3.138552197209783E-002 1 2.452661709245827E-002 2.496754989359190E-002 2 2.042520454530360E-002 2.087241152714455E-002 3 2.733864762280345E-002 2.777119148502962E-002 4 1.491028341891952E-002 1.535671809885717E-002 5 4.531066931169440E-002 4.617169504542708E-002 6 1.241346498479528E-002 1.289415187909774E-002 7 -3.619226574396322E-002 -3.690305557032984E-002
43.056420 -514.215974708503 8.981518080554432E-003 9.741259090883728E-003 1 5.238516726365548E-003 5.870921397835584E-003 2 2.017686544853554E-003 2.648640045331354E-003 3 8.359981311098878E-003 8.973138293059199E-003 4 5.150421394165082E-003 5.629990042252888E-003 5 2.092437821649281E-002 2.193227623404913E-002 6 -4.940319073633040E-003 -4.280593900733661E-003 7 -3.583400564180332E-002 -3.598332872380942E-002
43.298310 -514.216072178862 -2.420156881743058E-002 -2.304159572029956E-002 1 -2.198410323671246E-002 -2.117127108481195E-002 2 -2.436549612035093E-002 -2.356338750798838E-002 3 -1.862630226193481E-002 -1.783222287403826E-002 4 -1.387700883652162E-002 -1.296362390727127E-002 5 -1.302180107286526E-002 -1.219035158498735E-002 6 -3.061129003380665E-002 -2.978003442714671E-002 7 -4.071143277388533E-002 -3.800940160873659E-002
43.540200 -514.216120731385 -6.099897033561262E-002 -6.000888869835831E-002 1 -5.815717109873160E-002 -5.718719093819429E-002 2 -5.976513132517481E-002 -5.879552031741103E-002 3 -5.475285423596411E-002 -5.379277648698842E-002 4 -4.554045988917091E-002 -4.439463789262454E-002 5 -5.408274204645648E-002 -5.320875143058711E-002 6 -6.569214398028761E-002 -6.468652885834017E-002 7 -6.718697097420510E-002 -6.574063037814917E-002
43.782090 -514.216129262191 -0.106524558264348 -0.105377508616675 1 -0.102924159734946 -0.101789461270872 2 -0.103897016593142 -0.102772151428626 3 -9.988660349100024E-002 -9.876627935141971E-002 4 -8.991548704303733E-002 -8.871124558917999E-002 5 -0.100994868017751 -9.989015320308017E-002 6 -0.109951409293955 -0.108794087904945 7 -0.110795825241242 -0.109554133961864
44.023980 -514.216050946699 -0.158840769624080 -0.157739158659350 1 -0.152493233640782 -0.151443373407303 2 -0.153095198998280 -0.152043958923199 3 -0.150653237196518 -0.149603497396042 4 -0.141823352915172 -0.140745443894135 5 -0.151157567696971 -0.150099400110782 6 -0.159809561571257 -0.158724190488447 7 -0.161591206648147 -0.160492840227396
44.265870 -514.215863456323 -0.203773315550117 -0.202974182424887 1 -0.196086994852129 -0.195287446027536 2 -0.196778167961992 -0.195986933105613 3 -0.196908467846643 -0.196109828457254 4 -0.189674614610447 -0.188869166983701 5 -0.194737251165667 -0.193923584832851 6 -0.204765584872850 -0.203951898332741 7 -0.207637037551696 -0.206813604380454
44.507760 -514.215611604978 -0.219883147106219 -0.219517265327181 1 -0.211215701826379 -0.210778042843687 2 -0.212844857852457 -0.212427595905999 3 -0.217193185713919 -0.216765560113886 4 -0.211299656872592 -0.210887719319480 5 -0.209756698909649 -0.209325026247711 6 -0.222690775179893 -0.222264961996784 7 -0.226296037411996 -0.225874372291109
44.749650 -514.215407866874 -0.170112804013376 -0.170049013779880 1 -0.156728125300867 -0.156653276527114 2 -0.160890082105459 -0.160826071623126 3 -0.171980153587492 -0.171926953935438 4 -0.166865618756200 -0.166812015375780 5 -0.155545873568186 -0.155469652771510 6 -0.172837065377271 -0.172770673224295 7 -0.176013558751007 -0.175950845926912
44.991540 -514.215361754663 -7.616134243921707E-003 -7.698549477294323E-003 1 1.055321944368647E-002 1.046790042315901E-002 2 1.996127522162703E-003 1.906665546439176E-003 3 -1.783148754145652E-002 -1.791199492751340E-002 4 -1.313863132669653E-002 -1.319886594545524E-002 5 1.057798724565223E-002 1.050107375012862E-002 6 -1.054137765690905E-002 -1.063582609110823E-002 7 -1.114319656323146E-002 -1.122127811278414E-002
45.233430 -514.215505764048 0.189707558538095 0.189682246907833 1 0.208639490910309 0.208741327166926 2 0.196583185125826 0.196710540945832 3 0.171268698518648 0.171372675320289 4 0.175212964286883 0.175338736763853 5 0.206948327945732 0.207075515932063 6 0.187590804952369 0.187719129610617 7 0.190291469725706 0.190431361675725
45.475320 -514.215747695791 0.272404274399125 0.272096182054722 1 0.292657909327360 0.292486481039626 2 0.279857276786997 0.279667697072067 3 0.253989279456102 0.253806479063039 4 0.257232195789177 0.257052180552021 5 0.289508044907651 0.289337294671928 6 0.276413694731227 0.276206940550622 7 0.280411230372582 0.280224763015990
45.717210 -514.215977734148 0.262227922784594 0.261642594903776 1 0.282367287692511 0.281770189052250 2 0.269967310163890 0.269371723972203 3 0.244986787785351 0.244348355969632 4 0.248809445164247 0.247961650680270 5 0.277143892426545 0.276773548919439 6 0.271607151624803 0.270986215496498 7 0.275170479476484 0.274580530038687
45.959100 -514.216129725123 0.213288612070579 0.212431561277199 1 0.232510850539159 0.231526605147347 2 0.220771315718800 0.219787264425627 3 0.196727598622082 0.195675463677699 4 0.208006703047743 0.205644936639331 5 0.218440476134272 0.218853311993135 6 0.227013933692990 0.226000762197159 7 0.229116808506445 0.228123081589540
46.200990 -514.216126031140 0.154840137576384 0.153233018243714 1 0.172869508718422 0.171736845834283 2 0.161900941669977 0.160779030280915 3 0.139489350435862 0.138069692111646 4 0.160528061148200 0.161464202091381 5 0.145995775326772 0.143015388904881 6 0.172736142209022 0.171580123680254 7 0.172560277204788 0.171431088487404
46.442880 -514.216085917263 0.103955575157458 0.102844026800273 1 0.117635079243328 0.116564896427594 2 0.107524242889941 0.106450532228313 3 9.166274702576117E-002 8.947016401699218E-002 4 0.105376963716061 0.105557486332526 5 8.488528815372855E-002 8.357218297548817E-002 6 0.123142917550951 0.122030574311982 7 0.120136854217955 0.119049373811519
46.684770 -514.216017376013 6.810272458848911E-002 6.714831930894938E-002 1 7.222403158527058E-002 7.133013444451221E-002 2 6.300865537565019E-002 6.210663173457390E-002 3 6.034825100223491E-002 6.070119199754728E-002 4 4.846972295232777E-002 4.625866898852624E-002 5 3.913630958855271E-002 3.812305809509881E-002 6 8.370661319795118E-002 8.277605804548872E-002 7 7.741310245735564E-002 7.651194857279157E-002
46.926660 -514.215948407765 3.869857512376393E-002 3.795206468935676E-002 1 3.736223537987359E-002 3.664050822138078E-002 2 2.908872730899499E-002 2.834790873088658E-002 3 3.724808760344465E-002 3.693711009275300E-002 4 4.682531968874872E-003 3.406212759228058E-003 5 5.564588775771663E-003 4.701985225874962E-003 6 5.501456437133662E-002 5.429596503246090E-002 7 4.483281561190337E-002 4.415671762882797E-002
47.168550 -514.215885305551 1.473336305575305E-002 1.413043702803270E-002 1 1.209833651440845E-002 1.151482422400615E-002 2 4.804590011764528E-003 4.231369182253542E-003 3 1.804049372780907E-002 1.744711943293901E-002 4 -2.251790177746608E-002 -2.331126535328175E-002 5 -1.606379679087258E-002 -1.703481624574188E-002 6 3.507661788019489E-002 3.481907421078576E-002 7 2.058217961776238E-002 2.017138717693572E-002
47.410440 -514.215936393743 4.146498763242567E-003 4.685155466842205E-003 1 -5.301485073661475E-003 -5.695455123199275E-003 2 -1.159078721751875E-002 -1.198633828321637E-002 3 6.301516701436263E-003 5.769333786162331E-003 4 -3.869610809834857E-002 -3.953758134071023E-002 5 -1.682243629760861E-002 -2.140121921693071E-002 6 1.079764527680510E-002 1.482611813896424E-002 7 1.699966054653997E-003 1.560049449446288E-003
47.652330 -514.215548568866 1.030362044754699E-002 6.383805883380654E-003 1 -1.674140529337484E-002 -1.706415030116823E-002 2 -2.198125803315969E-002 -2.230216163904732E-002 3 1.665358602618425E-003 1.169167718029565E-003 4 -1.601274085767532E-002 -2.727294892132245E-002 5 -2.583906529328746E-002 -1.104726032518558E-002 6 -2.365591564472137E-002 -2.815289883633148E-002 7 -1.470750632684388E-002 -1.480599207838871E-002
47.894220 -514.215547413659 5.843282609189293E-003 5.773437989329970E-003 1 -2.418708034238274E-002 -2.438289142186655E-002 2 -2.832291335947986E-002 -2.851617926134025E-002 3 2.431782436961322E-003 2.087864281060612E-003 4 1.477067571101440E-002 1.584334021297298E-002 5 -3.854548080661830E-002 -3.976047959299466E-002 6 -4.941238338992098E-002 -4.961270435954701E-002 7 -3.008848852740099E-002 -3.029211420851050E-002
48.136110 -514.215543630356 -1.009298074463331E-002 -1.015399297166841E-002 1 -2.871277148319311E-002 -2.886185656216192E-002 2 -3.182869308033370E-002 -3.195937265597439E-002 3 6.738207042113784E-003 6.543305544461501E-003 4 1.701101245294486E-002 1.701227489941174E-002 5 -2.969006490189267E-002 -2.913454421720716E-002 6 -6.146858725568402E-002 -6.201712085108207E-002 7 -4.325234870702618E-002 -4.362732896347033E-002
48.378000 -514.215550616212 -1.781573272032065E-002 -1.778627475467261E-002 1 -3.136167750436265E-002 -3.146300211053850E-002 2 -3.350934205506241E-002 -3.360310884433333E-002 3 1.212738041611900E-002 1.211193491990596E-002 4 1.769519251628290E-002 1.766692994232829E-002 5 -2.293449154043570E-002 -2.251224757166645E-002 6 -6.825828422195056E-002 -6.854553367499353E-002 7 -5.253459043725900E-002 -5.291289816057087E-002
48.619890 -514.215562136015 -1.814245516411325E-002 -1.809429304007278E-002 1 -3.338259860598095E-002 -3.343551278015792E-002 2 -3.458960789573669E-002 -3.463709977415749E-002 3 1.602342016494284E-002 1.611543790915121E-002 4 1.805906860939594E-002 1.806355618911520E-002 5 -2.054327882549083E-002 -2.031209663402605E-002 6 -7.195489947192142E-002 -7.209216962010725E-002 7 -5.788206637249282E-002 -5.815268284230110E-002
48.861780 -514.215575512345 -1.989926217928322E-002 -1.985027280985049E-002 1 -3.555696237680582E-002 -3.556843175266488E-002 2 -3.585391624414573E-002 -3.588393962180703E-002 3 1.701026144059137E-002 1.713729131419426E-002 4 1.752045632638779E-002 1.755831059931092E-002 5 -2.077824199942383E-002 -2.066114677738675E-002 6 -7.465845075467793E-002 -7.472363579342325E-002 7 -6.030912626181849E-002 -6.047271803485052E-002
49.103670 -514.215588871716 -2.619523148688763E-002 -2.613866627639281E-002 1 -3.844728145145777E-002 -3.843837315478759E-002 2 -3.784692351764882E-002 -3.783506402458767E-002 3 1.471715914404913E-002 1.483847984798932E-002 4 1.542870906252724E-002 1.550795903641499E-002 5 -2.253282718514087E-002 -2.246753486022713E-002 6 -7.744207308705527E-002 -7.748337431441282E-002 7 -6.091863715832335E-002 -6.102974351505967E-002
49.345560 -514.215596159334 -3.141452999898633E-002 -3.140692697996553E-002 1 -4.258286668596095E-002 -4.256571126427831E-002 2 -4.111127580014838E-002 -4.110587374750799E-002 3 9.375605510328141E-003 9.465943542153254E-003 4 1.117223905355171E-002 1.126784514383642E-002 5 -2.559842324138685E-002 -2.557288749502123E-002 6 -8.103503642611709E-002 -8.106425219051998E-002 7 -6.025851344243530E-002 -6.044840577341047E-002
49.587450 -514.215597072431 -3.038224320301432E-002 -3.044799632347742E-002 1 -4.846038367265838E-002 -4.842793821215158E-002 2 -4.621361302428400E-002 -4.619009492007310E-002 3 1.562017958887261E-003 1.609441393305228E-003 4 4.321558347231445E-003 4.433842813396082E-003 5 -3.026163454537671E-002 -3.023047542705758E-002 6 -8.591327722073856E-002 -8.592879575968626E-002 7 -5.780348311819605E-002 -5.825462348200076E-002
49.829340 -514.215594150348 -2.700264031658774E-002 -2.709481755834317E-002 1 -5.632949968711008E-002 -5.633050041531185E-002 2 -5.341661633843751E-002 -5.343337376993292E-002 3 -7.834979455304739E-003 -7.859683390945898E-003 4 -5.132208025456392E-003 -5.025354798726857E-003 5 -3.670474258993413E-002 -3.670373522694598E-002 6 -9.212700164664520E-002 -9.215301280041972E-002 7 -5.173137543024713E-002 -5.233559475761393E-002
50.071230 -514.215600366929 -3.120560660200660E-002 -3.113266466815209E-002 1 -6.568032266447482E-002 -6.569605976954074E-002 2 -6.211515439408542E-002 -6.214674318533258E-002 3 -1.753896328405547E-002 -1.763879907393993E-002 4 -1.665385634238928E-002 -1.653469855806019E-002 5 -4.445559390543022E-002 -4.446143839262727E-002 6 -9.915258612294497E-002 -9.917777112921800E-002 7 -4.438668424554091E-002 -4.369579009609022E-002
50.313120 -514.215602496863 -4.580864244376525E-002 -4.570297052667681E-002 1 -7.509060614255286E-002 -7.513065642405842E-002 2 -7.090482143096134E-002 -7.096850684098188E-002 3 -2.606286016750075E-002 -2.625785194381988E-002 4 -2.941202027596857E-002 -2.928896927356875E-002 5 -5.238356045606080E-002 -5.241937695203736E-002 6 -0.106090138713133 -0.106139000103991 7 -4.342485389644092E-002 -4.266446094748783E-002
50.555010 -514.215555617848 -5.920671654165947E-002 -5.968110269730655E-002 1 -8.313587042705617E-002 -8.321357130036489E-002 2 -7.851443572388345E-002 -7.859316884000930E-002 3 -3.199072986062271E-002 -3.223246003166915E-002 4 -4.273261339525147E-002 -4.258465377397812E-002 5 -5.934361035443578E-002 -5.938871943576651E-002 6 -8.248905501145440E-002 -6.124938756786188E-002 7 -8.006612074237572E-002 -0.101047867271130
50.796900 -514.215541455728 -7.258685219025340E-002 -7.255466531324298E-002 1 -8.980886218113400E-002 -8.988558182837890E-002 2 -8.442224966815051E-002 -8.452219676842640E-002 3 -3.391132132264984E-002 -3.421292284412068E-002 4 -5.639743516621504E-002 -5.623267297531987E-002 5 -6.468820618692990E-002 -6.477550768182103E-002 6 -6.081346123396954E-002 -6.066583904942219E-002 7 -0.116326118028671 -0.116413682890827
51.038790 -514.215527448498 -7.990217598458164E-002 -7.986259257670333E-002 1 -9.367406272645437E-002 -9.372084987488916E-002 2 -8.748462606589121E-002 -8.758065599720953E-002 3 -3.062119422927376E-002 -3.092919008454299E-002 4 -7.001480158365424E-002 -6.977894421936184E-002 5 -6.715689878468742E-002 -6.727100398135809E-002 6 -7.120667458357614E-002 -7.106692979302343E-002 7 -0.117972565263793 -0.118028406129580
51.280680 -514.215517864068 -7.756097772452868E-002 -7.749451781948448E-002 1 -9.445116722794492E-002 -9.449786629131954E-002 2 -8.731564234264083E-002 -8.739645114927445E-002 3 -2.145415686164024E-002 -2.183637934999203E-002 4 -8.384314663417750E-002 -8.346829974831567E-002 5 -6.599456880784396E-002 -6.614795928949577E-002 6 -8.112248294313762E-002 -8.083068709664071E-002 7 -0.116658599016881 -0.116708628236234
51.522570 -514.215520440096 -7.419238544000709E-002 -7.399672271455203E-002 1 -9.254183052572325E-002 -9.247073827629462E-002 2 -8.403851114124584E-002 -8.406254381502326E-002 3 -6.341169938233364E-003 -6.806536022073020E-003 4 -9.937274419944030E-002 -9.866218717938974E-002 5 -6.073880474377055E-002 -6.095428639202839E-002 6 -9.184620973914007E-002 -9.124111053998850E-002 7 -0.112891448537898 -0.112773258455715
51.764460 -514.215528792300 -7.678794442047202E-002 -7.652338427050191E-002 1 -8.899094294738738E-002 -8.899643291325381E-002 2 -7.823345610475523E-002 -7.834653036404839E-002 3 1.440995951299140E-002 1.371470736069693E-002 4 -0.119860587557749 -0.118678173521265 5 -5.104133832569385E-002 -5.146469945987410E-002 6 -0.106841814206858 -0.105646080472933 7 -0.108344821790320 -0.108117669483796
52.006350 -514.215551914167 -7.598444184452635E-002 -7.552840920394788E-002 1 -8.462142729098844E-002 -8.484193910010389E-002 2 -6.998871141968578E-002 -7.048695485552908E-002 3 4.030750130397041E-002 3.957139107750807E-002 4 -0.149961102801253 -0.148318257162546 5 -3.733627784701175E-002 -3.751200144539680E-002 6 -0.133998475358998 -0.131134419474816 7 -0.106147476419833 -0.105632082599949
52.248240 -514.216172133997 -5.322867075575344E-003 5.038188477253099E-003 1 -7.258414742891303E-002 -7.625654686033115E-002 2 -4.839880505044788E-002 -5.395969212153535E-002 3 6.268651570774837E-002 6.611482840266780E-002 4 -0.154570971957660 -0.175785168196688 5 -6.264759319341816E-002 -3.932871948828024E-002 6 0.101422412971136 -0.127709700685229 7 -0.161121340895953 4.923001809879920E-002
52.490130 -514.221535235260 -4.426179992360486E-002 4.058833826868779E-002 1 -4.840170394703325E-002 -1.420877532742890E-002 2 -1.996076597144175E-002 1.542885640852875E-002 3 1.814237178653111E-002 4.788794540800870E-003 4 -1.581040187613285E-002 0.134930407943785 5 -0.113427535292570 -0.295395098999636 6 0.291413312136171 0.623402310907061 7 -0.169673787514823 -0.307136047713687
52.732020 -514.220468730842 -1.949346170814296E-002 -3.674117605431818E-002 1 -4.878070701249471E-002 -5.420696640322087E-002 2 -1.482137820834364E-002 -1.765937222450338E-002 3 -4.288228104200984E-002 -4.185508309852032E-002 4 5.692510106821516E-002 3.708952029768301E-002 5 -5.799687693769524E-002 -2.897514440287954E-002 6 9.459832971184079E-002 4.798917063530002E-002 7 -6.597103297412325E-002 -4.947027407024229E-002
52.973910 -514.220406139589 -7.197438523766601E-003 -8.323842678643731E-003 1 -6.953287950239465E-002 -7.001319732066981E-002 2 -2.459929775614486E-002 -2.465482943300480E-002 3 -4.927094347509500E-002 -4.935113578273814E-002 4 -1.097845037351404E-002 -1.273046213376966E-002 5 5.826413327552909E-003 7.606177753856106E-003 6 -3.064717350282060E-002 -3.370778101985739E-002 7 -1.579422019189953E-002 -1.438544024735531E-002
53.215800 -514.220397453098 -1.864900959343540E-002 -1.882668947806120E-002 1 -7.913585963817486E-002 -7.927583469256969E-002 2 -3.100147539424083E-002 -3.099686871974739E-002 3 -5.845898576060566E-002 -5.853905350690991E-002 4 -2.960016612182329E-002 -3.007754431845125E-002 5 -4.169859966157768E-003 -4.316936461634233E-003 6 -4.356588968559067E-002 -4.378063440792970E-002 7 -9.001833386101048E-003 -8.709968752930819E-003
53.457690 -514.220394410136 -3.759938175188304E-002 -3.762634871584856E-002 1 -8.765907788206953E-002 -8.775541754495504E-002 2 -3.787677900098655E-002 -3.787921330959541E-002 3 -6.732374331048041E-002 -6.738783862606006E-002 4 -4.174065817157122E-002 -4.194092866274208E-002 5 -1.711639788554767E-002 -1.728746049903358E-002 6 -4.950676405750245E-002 -4.950109458839960E-002 7 -7.674994855658315E-003 -7.698923906352693E-003
53.699580 -514.220389454555 -4.386923776098241E-002 -4.392545446909737E-002 1 -9.537372077837168E-002 -9.544145369496145E-002 2 -4.400640465305709E-002 -4.401910645575274E-002 3 -7.456819138709971E-002 -7.465030578045315E-002 4 -5.112866749629856E-002 -5.127151057744737E-002 5 -2.768199965862122E-002 -2.784267309659269E-002 6 -5.461868219690587E-002 -5.460571060819389E-002 7 -6.319139139135238E-003 -6.496623721596827E-003
53.941470 -514.220380393727 -4.282648588066610E-002 -4.295626057310047E-002 1 -0.101924829334283 -0.102011554817713 2 -4.865583438582145E-002 -4.870846310382090E-002 3 -7.970814380858930E-002 -7.978061252331722E-002 4 -5.832736543571045E-002 -5.845147813233379E-002 5 -3.561593491583526E-002 -3.575144879221581E-002 6 -5.872444008682913E-002 -5.874479528593450E-002 7 -3.207657195055082E-003 -3.436237074488864E-003
54.183360 -514.220373054552 -4.559602569622227E-002 -4.568169964847525E-002 1 -0.106694799079745 -0.106718510712047 2 -5.164134326875596E-002 -5.166846822912828E-002 3 -8.279869873231616E-002 -8.285551386924231E-002 4 -6.345846340450116E-002 -6.352823686239439E-002 5 -4.142748004562524E-002 -4.153592240863042E-002 6 -6.142458357368755E-002 -6.141991388313474E-002 7 1.754923768467427E-003 1.569303124076895E-003
54.425250 -514.220366336857 -5.331060776046496E-002 -5.336973620985242E-002 1 -0.109262902972871 -0.109340980634940 2 -5.283361305031289E-002 -5.287285332211433E-002 3 -8.381114611634805E-002 -8.386483226569116E-002 4 -6.656791803033721E-002 -6.663865803965804E-002 5 -4.527117166934981E-002 -4.534514315588384E-002 6 -6.247536399620544E-002 -6.249940793708401E-002 7 7.878135798917513E-003 7.756116739216682E-003
54.667140 -514.220359218873 -6.112200541980768E-002 -6.118567599231846E-002 1 -0.109441431217907 -0.109472115191500 2 -5.215245793627615E-002 -5.217480924090805E-002 3 -8.272910538320975E-002 -8.276970335863242E-002 4 -6.769033240922971E-002 -6.775055797737382E-002 5 -4.712126982376472E-002 -4.719842610937194E-002 6 -6.177415035719198E-002 -6.178297193887652E-002 7 1.421681164989217E-002 1.417592664024665E-002
54.909030 -514.220349816606 -6.036043725126625E-002 -6.049105021663612E-002 1 -0.107597288090613 -0.107660785343866 2 -4.993205366736515E-002 -4.998594481627960E-002 3 -8.013254037409642E-002 -8.020016126293329E-002 4 -6.706359485791796E-002 -6.711692037474215E-002 5 -4.731234514517959E-002 -4.737724370403328E-002 6 -5.962276678912046E-002 -5.965677721578194E-002 7 2.004524916700614E-002 2.002067788276268E-002
55.150920 -514.220344739657 -4.933215720895568E-002 -4.937953356643754E-002 1 -0.104441135923800 -0.104446340465054 2 -4.652638524790458E-002 -4.652081770798130E-002 3 -7.677117931974094E-002 -7.677315909306189E-002 4 -6.489306206929984E-002 -6.490897655923192E-002 5 -4.621059605272881E-002 -4.623625758866318E-002 6 -5.637790197892423E-002 -5.636264888478247E-002 7 2.486683080322978E-002 2.485870755668476E-002
55.392810 -514.220342628847 -3.628921551564158E-002 -3.628250333164756E-002 1 -9.961083298574418E-002 -9.963913512778975E-002 2 -4.143581855617366E-002 -4.144553767011488E-002 3 -7.222527920383161E-002 -7.222781273629574E-002 4 -6.092335364527137E-002 -6.093020213645595E-002 5 -4.357448581288349E-002 -4.358890949752395E-002 6 -5.159951627601005E-002 -5.160000031627521E-002 7 2.861495021933110E-002 2.862691132219575E-002
55.634700 -514.220341564748 -2.809800353507252E-002 -2.808444535812218E-002 1 -9.171165748274181E-002 -9.174801243063768E-002 2 -3.376513405141825E-002 -3.380495348598187E-002 3 -6.525120697461545E-002 -6.530637748256825E-002 4 -5.478709461372746E-002 -5.481817331041455E-002 5 -3.892275557632231E-002 -3.897594388131602E-002 6 -4.441624986506694E-002 -4.444347120149603E-002 7 3.168403116730693E-002 3.170925547945896E-002
55.876590 -514.220341687938 -2.549045887289160E-002 -2.545600310839685E-002 1 -8.046681096483531E-002 -8.049039908894380E-002 2 -2.355056964474081E-002 -2.352449211157230E-002 3 -5.567447758273172E-002 -5.566535302065588E-002 4 -4.656210638829283E-002 -4.655140171598077E-002 5 -3.226080931328740E-002 -3.224981477624404E-002 6 -3.478728114980829E-002 -3.476503205330172E-002 7 3.381231642354753E-002 3.380008781977829E-002
56.118480 -514.220341036156 -2.371199865444929E-002 -2.371003154180662E-002 1 -6.681207806845897E-002 -6.681184756340799E-002 2 -1.162502719175349E-002 -1.161203594071173E-002 3 -4.443720762697340E-002 -4.444251322420076E-002 4 -3.671606966050139E-002 -3.671779182073778E-002 5 -2.414846245546916E-002 -2.416601075520212E-002 6 -2.342127145910707E-002 -2.340779795188657E-002 7 3.442657351467756E-002 3.442532924145113E-002
56.360370
