#t 0-1 0-2 0-3 0-4 0-5 0-6 1-2 1-3 1-4 1-5 1-6 2-3 2-4 2-5 2-6 3-4 3-5 3-6 4-5 4-6 5-6
0 0.0320805 0.456104 0.20914 0.296924 0.125298 0.16024 0.199401 0.308094 0.3875 0.2118 0.328053 6.1393 1.69126 1.38645 0.886327 3.14411 2.78741 1.09251 10.6899 1.18511 4.43534
.241890 0.03205 0.461574 0.20696 0.298054 0.124923 0.156244 0.193637 0.32005 0.385277 0.216684 0.314739 5.59141 1.64404 1.28773 0.84334 2.72039 2.47004 1.06005 9.47607 1.13362 4.56874
.483780 0.0320705 0.466911 0.205672 0.298367 0.124217 0.152892 0.187563 0.330779 0.382101 0.218321 0.303017 5.12732 1.57382 1.19869 0.805888 2.36698 2.20552 1.03326 9.09448 1.13216 4.70609
.725670 0.0321366 0.472214 0.20482 0.298177 0.122953 0.150108 0.181063 0.339976 0.37809 0.217628 0.292637 4.72588 1.49281 1.11908 0.773809 2.06613 1.98734 1.01039 9.36188 1.17233 4.85434
.967560 0.0322881 0.477536 0.204059 0.297487 0.121639 0.147748 0.174119 0.347567 0.373005 0.216092 0.283245 4.37094 1.40902 1.0497 0.746647 1.81573 1.80808 0.989261 10.3588 1.25803 5.00653
1.209450 0.0324724 0.482888 0.203146 0.296021 0.121586 0.145643 0.166753 0.353498 0.366324 0.215791 0.274422 4.05081 1.32783 0.992024 0.723717 1.61944 1.66209 0.967493 12.489 1.40348 5.1359
1.451340 0.0326914 0.488165 0.201909 0.292776 0.125737 0.143568 0.159106 0.357771 0.356498 0.220241 0.265778 3.75646 1.25088 0.949184 0.704169 1.48669 1.5396 0.943406 16.8428 1.64519 5.1885
1.693230 0.0327861 0.493521 0.200361 0.284253 0.141446 0.141336 0.15108 0.360572 0.338826 0.236472 0.257058 3.48348 1.17488 0.928981 0.687122 1.44412 1.4149 0.915398 26.0365 2.07676 5.06505
1.935120 0.0332089 0.498838 0.198406 0.257572 0.184422 0.13883 0.142689 0.362037 0.299121 0.277582 0.248191 3.22661 1.08466 0.949704 0.671791 1.54621 1.21113 0.884418 41.2778 2.88675 4.54683
2.177010 0.0336327 0.503925 0.196091 0.197851 0.247187 0.136058 0.134803 0.362209 0.231143 0.331223 0.239394 2.98402 0.982669 1.00481 0.657921 1.75594 0.894945 0.850867 36.537 3.81496 3.49442
2.418900 0.0341391 0.508779 0.193498 0.148345 0.280147 0.133033 0.127308 0.361316 0.190541 0.35241 0.23096 2.75533 0.943126 1.02151 0.645148 1.92244 0.70555 0.817102 16.8441 4.02751 2.7319
2.660790 0.0346365 0.51331 0.190709 0.126545 0.291787 0.130051 0.12007 0.359633 0.181175 0.354729 0.223325 2.5398 0.968656 1.01098 0.633431 2.1164 0.632832 0.784964 7.83606 3.78053 2.46155
2.902680 0.0351957 0.517454 0.187788 0.118709 0.296976 0.127236 0.113369 0.357413 0.182945 0.352266 0.216838 2.33734 1.04011 0.996191 0.623732 2.41368 0.593029 0.756862 4.32431 3.39846 2.37224
3.144570 0.03613 0.521068 0.184784 0.117697 0.300074 0.124668 0.10727 0.354985 0.188742 0.348541 0.21167 2.14651 1.15813 0.983935 0.616352 2.88223 0.562857 0.734584 2.76389 2.99714 2.30975
3.386460 0.0368567 0.524014 0.1817 0.121045 0.302418 0.122483 0.101906 0.352926 0.196076 0.344385 0.207845 1.96507 1.33226 0.975179 0.611618 3.66115 0.535539 0.721158 1.97662 2.61842 2.22299
3.628350 0.0375904 0.526114 0.178513 0.127994 0.304381 0.12077 0.0975616 0.352257 0.202872 0.339968 0.205319 1.79307 1.57627 0.969395 0.609907 5.10136 0.50467 0.721559 1.54533 2.27774 2.09983
3.870240 0.0383612 0.52712 0.175078 0.138603 0.306072 0.11957 0.0947717 0.35531 0.20508 0.335319 0.203947 1.63874 1.90282 0.965204 0.611668 8.39957 0.458127 0.753082 1.30503 1.9702 1.95037
4.112130 0.0391544 0.526761 0.170994 0.153428 0.307486 0.118944 0.094428 0.367018 0.193019 0.330534 0.203539 1.60906 2.26725 0.961106 0.617324 18.8861 0.384487 0.889177 1.18347 1.64896 1.78878
4.354020 0.0399286 0.524604 0.170626 0.168094 0.308627 0.118837 0.097668 0.370423 0.197295 0.325586 0.204032 2.3642 2.18483 0.954878 0.626404 33.2498 0.538505 1.24548 1.03846 1.1231 1.63338
4.595910 0.0407171 0.520137 0.188333 0.169049 0.309417 0.119239 0.105726 0.345329 0.246745 0.320515 0.205156 3.43178 1.69565 0.944563 0.6388 16.2352 0.763081 1.30407 0.842798 0.773018 1.4963
4.837800 0.0415269 0.513241 0.212749 0.166504 0.309851 0.120133 0.119172 0.339299 0.261208 0.315492 0.206878 4.30687 1.45046 0.927511 0.653012 9.21823 0.837683 1.19686 0.760583 0.699472 1.38987
5.079690 0.042337 0.504055 0.238965 0.163889 0.309974 0.121505 0.137285 0.341088 0.262485 0.31064 0.209136 5.09469 1.31623 0.903026 0.667178 6.62781 0.886741 1.08485 0.720435 0.688407 1.31673
5.321580 0.0431321 0.493337 0.264669 0.161448 0.309861 0.123296 0.158121 0.344206 0.258812 0.306131 0.211863 5.71989 1.23849 0.871807 0.679266 5.41752 0.932003 0.988621 0.690742 0.695709 1.2807
5.563470 0.0439987 0.482515 0.287548 0.159113 0.309581 0.125534 0.179128 0.346888 0.25281 0.302098 0.215018 6.10334 1.19988 0.836048 0.68819 4.7935 0.9726 0.911491 0.660437 0.712432 1.28619
5.805360 0.044821 0.473134 0.30595 0.156899 0.309219 0.128198 0.198158 0.34905 0.245328 0.298743 0.218489 6.2359 1.19051 0.79864 0.693936 4.49087 1.00485 0.853933 0.62562 0.736081 1.34196
6.047250 0.0456046 0.466319 0.319158 0.154776 0.308827 0.131279 0.213571 0.351077 0.236721 0.296191 0.22212 6.16355 1.20424 0.761585 0.697926 4.41149 1.02554 0.814277 0.585885 0.765662 1.46428
6.289140 0.0462892 0.462706 0.327216 0.152728 0.308418 0.134771 0.224558 0.353296 0.227089 0.294599 0.225652 5.95022 1.23803 0.725757 0.701687 4.52746 1.03318 0.789846 0.543202 0.80166 1.68088
6.531030 0.0469747 0.462304 0.330525 0.150749 0.307987 0.138684 0.231047 0.355802 0.216409 0.294198 0.22869 5.6495 1.29249 0.690967 0.706933 4.84965 1.02811 0.776969 0.502073 0.844402 2.0431
6.772920 0.0476728 0.464776 0.32978 0.14897 0.307422 0.143045 0.232912 0.358558 0.20471 0.295349 0.230674 5.29461 1.37067 0.65627 0.715293 5.40479 1.01126 0.771394 0.467685 0.89617 2.64579
7.014810 0.0483848 0.469531 0.325615 0.147751 0.306482 0.14797 0.231011 0.360881 0.192231 0.298616 0.230848 4.90439 1.47766 0.620791 0.727716 6.20597 0.984288 0.768065 0.447767 0.958453 3.67856
7.256700 0.0490782 0.475837 0.318382 0.147916 0.304623 0.153722 0.225994 0.36169 0.18043 0.304908 0.228389 4.48609 1.61654 0.584253 0.745234 7.14719 0.949245 0.758938 0.455852 1.03406 5.5116
7.498590 0.0497302 0.482903 0.308169 0.150635 0.300747 0.160996 0.218761 0.359305 0.172559 0.315266 0.222404 4.04791 1.77501 0.549381 0.767315 7.85426 0.908964 0.737888 0.51394 1.12104 8.84294
7.740480 0.0503327 0.490227 0.295648 0.155981 0.29325 0.170633 0.210312 0.351939 0.1724 0.329997 0.21263 3.61657 1.91307 0.52201 0.793612 7.73226 0.867929 0.704237 0.64773 1.20916 14.7244
7.982370 0.050896 0.497285 0.282404 0.161543 0.281104 0.183034 0.201198 0.339937 0.178923 0.346775 0.201157 3.23645 1.97686 0.509754 0.821392 6.62259 0.832018 0.666414 0.868244 1.28058 23.7893
8.224260 0.051416 0.503769 0.270902 0.164202 0.265485 0.196689 0.192157 0.326026 0.186494 0.361004 0.19363 2.94846 1.94767 0.516282 0.846762 5.10342 0.807361 0.634312 1.1591 1.32323 34.3613
8.466150 0.0518846 0.509528 0.262442 0.163132 0.250268 0.207881 0.183537 0.312969 0.191132 0.369458 0.194516 2.75626 1.84823 0.53568 0.868021 3.76214 0.793919 0.611533 1.49029 1.35464 42.7593
8.708040 0.052467 0.514294 0.256925 0.159185 0.239288 0.213994 0.175558 0.301982 0.192566 0.373184 0.201152 2.6406 1.7143 0.555963 0.887683 2.78123 0.78592 0.599289 1.83882 1.4088 47.9517
8.949930 0.0529687 0.518151 0.253762 0.153752 0.23408 0.214605 0.168449 0.293172 0.192343 0.375257 0.207654 2.5784 1.57298 0.567952 0.909487 2.1162 0.775954 0.59888 2.19486 1.51951 52.1786
9.191820 0.053426 0.521122 0.252291 0.148061 0.234779 0.209581 0.162194 0.286284 0.192401 0.377808 0.209988 2.55126 1.44014 0.567489 0.93449 1.67987 0.757341 0.61201 2.53754 1.72114 57.8521
9.433710 0.0538539 0.523262 0.251957 0.143045 0.241396 0.19796 0.156813 0.280972 0.194318 0.381629 0.206784 2.54684 1.32379 0.558635 0.959626 1.39957 0.72318 0.64097 2.80833 2.063 65.1055
9.675600 0.0542269 0.524584 0.252378 0.139307 0.252678 0.179177 0.152226 0.276937 0.198936 0.384827 0.201407 2.55735 1.2268 0.563459 0.971872 1.22403 0.66912 0.684432 2.90131 2.58819 67.3096
9.917490 0.0545853 0.525145 0.253289 0.137092 0.262839 0.159184 0.148443 0.273941 0.205879 0.38271 0.203243 2.5773 1.14904 0.613435 0.952252 1.11763 0.608882 0.725115 2.76547 3.20459 53.7433
10.159380 0.0548265 0.524933 0.254475 0.136245 0.266817 0.147459 0.145307 0.271796 0.214185 0.376007 0.21191 2.60357 1.08866 0.689575 0.907154 1.05506 0.570806 0.74305 2.55315 3.69615 33.2536
10.401270 0.0550693 0.524039 0.255814 0.136365 0.266503 0.142873 0.142751 0.270261 0.222498 0.370024 0.218169 2.63364 1.04204 0.754794 0.860258 1.01883 0.558196 0.742749 2.41354 3.98799 19.324
10.643160 0.0552202 0.522445 0.257177 0.13692 0.264945 0.140954 0.140822 0.26922 0.229751 0.366742 0.220074 2.66605 1.00642 0.802912 0.821517 0.997574 0.559579 0.73658 2.37209 4.13675 12.0245
10.885050 0.0553552 0.52019 0.258486 0.137451 0.263316 0.139734 0.139508 0.268468 0.235198 0.365929 0.219265 2.69971 0.978828 0.837517 0.791993 0.984401 0.566687 0.731267 2.44803 4.20783 8.33427
11.126940 0.0554109 0.517282 0.259633 0.137674 0.261856 0.138799 0.138686 0.267893 0.23851 0.366712 0.217378 2.73331 0.957444 0.862568 0.770621 0.97558 0.575409 0.73004 2.72184 4.24371 6.43349
11.368830 0.0550757 0.513797 0.260557 0.137479 0.260582 0.138111 0.138366 0.267381 0.239689 0.368577 0.215424 2.76614 0.940952 0.880085 0.756625 0.9695 0.584243 0.733714 3.31353 4.26961 5.47582
11.610720 0.0549975 0.509734 0.261193 0.136866 0.259363 0.137781 0.138525 0.266849 0.238999 0.370815 0.213976 2.79685 0.92931 0.891674 0.749133 0.965529 0.591686 0.742575 4.23848 4.29299 5.07243
11.852610 0.0548723 0.505164 0.261512 0.136024 0.258065 0.137827 0.139121 0.266234 0.236879 0.372968 0.213266 2.82446 0.922378 0.898109 0.747404 0.964315 0.596979 0.756467 5.29448 4.31024 5.06764
12.094500 0.054639 0.500112 0.261465 0.135165 0.256554 0.138243 0.140108 0.265511 0.233824 0.374841 0.213413 2.84774 0.920824 0.900036 0.750433 0.966955 0.600357 0.774971 6.127 4.30831 5.39492
12.336390 0.0543104 0.494656 0.261043 0.134489 0.254802 0.138962 0.141499 0.264628 0.2303 0.376141 0.214307 2.86522 0.925762 0.898297 0.756929 0.97531 0.601384 0.796965 6.42893 4.26777 6.05044
12.578280 0.0542382 0.488877 0.260264 0.134166 0.252854 0.139883 0.143215 0.263609 0.226611 0.376918 0.215689 2.8755 0.939809 0.893454 0.76533 0.992936 0.600278 0.821894 6.14324 4.16848 7.08312
12.820170 0.0537907 0.482854 0.259121 0.13438 0.250742 0.140852 0.145289 0.262421 0.223058 0.377282 0.217088 2.87738 0.96714 0.885262 0.774251 1.0231 0.597759 0.847332 5.45073 3.99662 8.59593
13.062060 0.0530106 0.476658 0.257672 0.135329 0.248556 0.141741 0.147685 0.261056 0.219928 0.37758 0.21785 2.86943 1.01154 0.872889 0.782778 1.07187 0.594273 0.872379 4.60998 3.74659 10.7958
13.303950 0.0525191 0.470371 0.255947 0.137235 0.246355 0.142457 0.150375 0.259521 0.217591 0.378181 0.217385 2.85144 1.07747 0.854535 0.791476 1.14551 0.589713 0.896548 3.81412 3.43382 14.1358
13.545840 0.0520274 0.464034 0.253968 0.140207 0.244128 0.143114 0.153406 0.257694 0.216316 0.379468 0.214938 2.82303 1.16861 0.827664 0.802601 1.25287 0.584153 0.919869 3.16091 3.08199 19.5117
13.787730 0.0515181 0.457626 0.251841 0.144331 0.24172 0.144026 0.156852 0.255565 0.216294 0.381777 0.209712 2.78552 1.28812 0.787952 0.819883 1.40629 0.5776 0.942921 2.67588 2.71086 28.7334
14.029620 0.0510254 0.451185 0.249675 0.149632 0.238549 0.146215 0.160717 0.253105 0.217607 0.385437 0.201085 2.74118 1.43884 0.726737 0.849703 1.62499 0.5716 0.965999 2.3545 2.32506 45.7313
14.271510 0.0505359 0.444619 0.24767 0.156 0.232853 0.1524 0.165134 0.250248 0.220177 0.389331 0.190925 2.69381 1.62231 0.628096 0.898619 1.9433 0.575323 0.98523 2.18396 1.90713 76.3768
14.513400 0.0500031 0.437842 0.246106 0.163183 0.220572 0.167469 0.170231 0.246871 0.223821 0.387187 0.192498 2.65051 1.83889 0.482429 0.957592 2.42579 0.619927 0.984617 2.1242 1.43471 114.256
14.755290 0.0494914 0.430744 0.245549 0.170628 0.200658 0.189118 0.176207 0.242815 0.228317 0.369799 0.221576 2.62324 2.08324 0.363754 0.981503 3.21051 0.726474 0.947561 2.0522 1.00094 114.492
14.997180 0.0489798 0.423191 0.247078 0.177028 0.182861 0.205034 0.183156 0.237871 0.233565 0.345795 0.255127 2.63659 2.3381 0.362939 0.953752 4.63266 0.846763 0.907734 1.89704 0.752836 79.7415
15.239070 0.0484868 0.415069 0.253235 0.178996 0.171858 0.213295 0.19102 0.231498 0.239347 0.327248 0.276402 2.75182 2.54734 0.407881 0.906637 7.6634 0.970717 0.904471 1.69875 0.61231 51.1669
15.480960 0.0482751 0.406362 0.269112 0.168241 0.165575 0.217472 0.199725 0.223236 0.245606 0.315116 0.288189 3.12856 2.52587 0.450441 0.857717 14.7219 1.15717 0.953364 1.44044 0.435494 34.3612
15.722850 0.0478247 0.397188 0.288459 0.150863 0.161918 0.219766 0.209145 0.219398 0.246266 0.307427 0.294784 3.84052 1.98699 0.48637 0.811062 19.0991 1.39635 0.99153 1.06786 0.237758 24.5923
15.964740 0.0474625 0.3878 0.293068 0.160396 0.159704 0.221301 0.218539 0.224304 0.237596 0.302591 0.298315 4.34662 1.6249 0.518239 0.767493 11.3432 1.44076 0.933064 0.876055 0.35179 18.6308
16.206630 0.0470523 0.378624 0.298083 0.168543 0.158393 0.222642 0.227217 0.226939 0.22933 0.299717 0.299854 4.69718 1.56366 0.547531 0.727656 7.02509 1.38979 0.877368 0.854349 0.426684 14.7877
16.448520 0.0465903 0.370294 0.305341 0.17087 0.157671 0.224215 0.234537 0.226794 0.222363 0.298376 0.299924 5.01171 1.55151 0.574761 0.693049 5.15788 1.33481 0.838785 0.866274 0.452163 12.2111
16.690410 0.0461014 0.363493 0.312557 0.170145 0.157389 0.226448 0.239634 0.225099 0.216069 0.298449 0.298463 5.30846 1.54679 0.599708 0.665236 4.20966 1.29175 0.807328 0.882013 0.456061 10.4943
16.932300 0.0456553 0.358933 0.318178 0.167838 0.157494 0.229937 0.242073 0.222668 0.21017 0.300003 0.294858 5.60019 1.5477 0.621586 0.645586 3.67355 1.26346 0.777717 0.896559 0.45025 9.50067
17.174190 0.0452654 0.357305 0.321201 0.164648 0.158028 0.235228 0.24131 0.220133 0.204555 0.303417 0.28736 5.90088 1.55542 0.638952 0.635069 3.3619 1.25052 0.747912 0.908333 0.440522 9.34078
17.416080 0.0449229 0.359302 0.320757 0.1609 0.159323 0.242016 0.236912 0.217971 0.199288 0.309455 0.273842 6.21861 1.56956 0.64895 0.635211 3.20119 1.25265 0.720906 0.915996 0.43373 10.5714
17.657970 0.0445588 0.365498 0.31602 0.156836 0.162465 0.247756 0.228813 0.216523 0.194402 0.319323 0.253268 6.54128 1.5875 0.646687 0.651276 3.16602 1.26684 0.70815 0.914902 0.443263 14.5592
17.899860 0.0442147 0.376137 0.306022 0.152567 0.171083 0.248224 0.216806 0.215955 0.189955 0.334118 0.225217 6.8193 1.60321 0.62427 0.689756 3.25719 1.27688 0.742253 0.891564 0.495411 23.5872
18.141750 0.0437244 0.390985 0.289977 0.148182 0.191859 0.237534 0.201528 0.215974 0.186088 0.348741 0.19632 6.95341 1.6072 0.584563 0.742948 3.49344 1.23409 0.892981 0.814335 0.620255 34.6805
18.383640 0.0432607 0.408877 0.267814 0.143769 0.219554 0.216514 0.183818 0.215947 0.182945 0.348741 0.193998 6.81118 1.58886 0.577392 0.768165 3.9121 1.10681 1.14161 0.684435 0.767439 31.246
18.625530 0.0428773 0.427877 0.240723 0.139417 0.238044 0.199974 0.165153 0.214963 0.180701 0.338257 0.211613 6.29849 1.54056 0.620376 0.754057 4.57473 0.98086 1.36069 0.577876 0.859886 19.8413
18.867420 0.0424949 0.445538 0.211558 0.135185 0.248019 0.191267 0.147326 0.212176 0.179545 0.328828 0.226976 5.46266 1.46318 0.675284 0.726076 5.57856 0.902454 1.53811 0.514622 0.919633 12.3176
19.109310 0.0420485 0.460342 0.183832 0.131052 0.253928 0.187007 0.132149 0.207078 0.179882 0.322495 0.237598 4.48691 1.36909 0.725423 0.699221 7.08342 0.865992 1.6939 0.479608 0.98968 8.21448
19.351200 0.0415893 0.471799 0.160486 0.126889 0.257961 0.184934 0.120269 0.199787 0.182232 0.318467 0.244992 3.56556 1.27957 0.767278 0.678736 9.22746 0.863687 1.82068 0.473504 1.12313 5.88366
19.593090 0.041166 0.480364 0.143409 0.1223 0.261016 0.183947 0.111512 0.190593 0.187037 0.315991 0.250383 2.80295 1.21787 0.801832 0.665968 11.5132 0.881111 1.87439 0.537061 1.39334 4.4636
19.834980 0.040746 0.486786 0.133042 0.117123 0.26349 0.183472 0.105327 0.181474 0.193028 0.314549 0.254383 2.21841 1.17789 0.830796 0.659066 11.932 0.88823 1.79755 0.74607 1.81902 3.54069
20.076870 0.040352 0.491744 0.127993 0.112623 0.265418 0.183223 0.10105 0.17593 0.197563 0.313784 0.257406 1.81265 1.10874 0.855914 0.656686 9.93915 0.874435 1.63276 1.16597 2.28626 2.91675
20.318760 0.0399696 0.4957 0.125884 0.110938 0.266763 0.183032 0.0981091 0.17462 0.201077 0.313301 0.25964 1.55775 1.00783 0.87914 0.656718 7.71694 0.862444 1.48052 2.03264 2.71427 2.48926
20.560650 0.0396501 0.499 0.125297 0.1146 0.2666 0.182758 0.0961299 0.175836 0.206231 0.312245 0.261195 1.39909 0.90683 0.90298 0.657593 6.15525 0.87203 1.37101 4.49347 3.10383 2.23104
20.802540 0.039377 0.501858 0.125737 0.134391 0.259252 0.182352 0.0948655 0.178495 0.220281 0.305753 0.262211 1.29473 0.816347 0.931519 0.658693 5.1059 1.03777 1.29465 16.4915 3.38652 2.26952
21.044430 0.0391747 0.504468 0.126962 0.237019 0.174358 0.181762 0.0941478 0.182126 0.292639 0.242615 0.262719 1.22265 0.800989 0.911477 0.659172 3.55583 2.8366 1.23876 66.39 2.45555 3.67147
21.286320 0.0388819 0.506905 0.128804 0.278162 0.10311 0.181008 0.0937127 0.18657 0.324244 0.205211 0.262796 1.17103 0.901989 0.789666 0.658915 2.11841 3.52674 1.1954 14.8168 1.37779 4.62535
21.528210 0.0386599 0.509228 0.131211 0.282131 0.0993225 0.180082 0.0937018 0.191823 0.328073 0.206088 0.262551 1.13354 0.939 0.735401 0.657532 1.96251 3.29855 1.15889 5.45394 1.19055 5.15126
21.770100 0.0385195 0.511463 0.134032 0.284324 0.100158 0.179012 0.0940644 0.197944 0.33082 0.208051 0.262042 1.10827 0.965304 0.69984 0.655103 2.10507 3.05011 1.12727 3.03119 1.08821 5.68494
22.011990 0.0384449 0.51363 0.137206 0.286321 0.100802 0.177867 0.0947401 0.205195 0.333245 0.209034 0.261421 1.09509 0.988228 0.671997 0.651609 2.58819 2.82987 1.09713 2.07302 1.0098 6.23926
22.253880 0.0384299 0.515763 0.141003 0.288115 0.100567 0.17668 0.0957084 0.214421 0.334624 0.208692 0.260716 1.09705 1.00633 0.648901 0.647039 4.32695 2.63479 1.0688 1.61361 0.946238 6.81325
22.495770 0.0384554 0.517857 0.146821 0.288927 0.0992173 0.175482 0.0969353 0.227934 0.333024 0.206936 0.259952 1.12227 1.01108 0.629262 0.641345 10.488 2.44526 1.04001 1.40264 0.894935 7.39791
22.737660 0.0385325 0.519912 0.160414 0.285409 0.0967389 0.174235 0.0984804 0.251828 0.32294 0.203806 0.259079 1.18809 0.981069 0.612661 0.634244 29.518 2.21865 1.00525 1.40134 0.858617 7.97157
22.979550 0.0387805 0.521956 0.193646 0.267869 0.0932687 0.172842 0.100016 0.29308 0.293951 0.199613 0.257927 1.30015 0.895325 0.599841 0.625606 65.3181 1.87005 0.948887 1.62685 0.852226 8.48725
23.221440 0.038799 0.523933 0.233425 0.238229 0.0891754 0.171194 0.101753 0.331803 0.257565 0.194891 0.256265 1.39399 0.829878 0.591092 0.614977 73.2104 1.47269 0.872641 1.86773 0.868364 8.86818
23.463330 0.0389581 0.525855 0.255069 0.218994 0.0851092 0.169005 0.103547 0.350681 0.238773 0.190315 0.253849 1.45065 0.831924 0.587295 0.602395 57.3769 1.24816 0.80672 1.96844 0.872738 9.01941
23.705220 0.0391234 0.527758 0.264298 0.211528 0.0818082 0.166115 0.105375 0.359231 0.231774 0.186817 0.250539 1.49986 0.856165 0.588594 0.588139 45.5424 1.18825 0.753813 2.03584 0.864192 8.86373
23.947110 0.0393202 0.52959 0.26751 0.210344 0.0801075 0.162603 0.107061 0.363513 0.229026 0.185208 0.246476 1.54843 0.889444 0.594768 0.573162 38.9779 1.24739 0.707834 2.15993 0.853939 8.39958
24.189000 0.0395466 0.531332 0.267029 0.212787 0.0806857 0.158646 0.10863 0.365081 0.228045 0.186305 0.242019 1.59532 0.933746 0.605185 0.55861 35.3437 1.42786 0.668696 2.39949 0.850489 7.70019
24.430890 0.039712 0.53296 0.263287 0.217945 0.084237 0.154544 0.110071 0.363798 0.228525 0.19106 0.237685 1.6361 0.994716 0.620188 0.545695 33.0176 1.77069 0.644448 2.79838 0.862727 6.87983
24.672780 0.039901 0.53447 0.255722 0.225778 0.0912592 0.150626 0.111417 0.358487 0.23182 0.200192 0.234031 1.66737 1.08063 0.639874 0.535251 30.801 2.33902 0.652176 3.36112 0.896594 6.03776
24.914670 0.0401806 0.535797 0.243398 0.23639 0.101875 0.147178 0.112682 0.347236 0.240218 0.213903 0.231368 1.68212 1.19832 0.66496 0.527655 27.5906 3.17534 0.717385 4.01049 0.947541 5.23936
25.156560 0.0403716 0.536903 0.225805 0.249176 0.115242 0.144367 0.113659 0.328385 0.25536 0.23082 0.229924 1.67834 1.34863 0.694714 0.522673 22.7047 4.20135 0.851793 4.55147 0.9954 4.51319
25.398450 0.0406106 0.537801 0.204235 0.262179 0.129514 0.14226 0.11438 0.302889 0.275487 0.248117 0.229658 1.66663 1.51727 0.727391 0.520211 16.7494 5.11918 1.02771 4.74219 1.01452 3.8684
25.640340 0.0408245 0.538492 0.182403 0.272915 0.142539 0.14081 0.114834 0.276112 0.295623 0.262591 0.230404 1.67402 1.68152 0.759879 0.519838 11.4009 5.55714 1.19166 4.51742 0.996964 3.30989
25.882230 0.0410803 0.538882 0.164153 0.280316 0.152826 0.139926 0.114765 0.254763 0.311788 0.272513 0.232005 1.73567 1.82642 0.788989 0.521338 7.6587 5.42156 1.30143 4.08602 0.953517 2.84226
26.124120 0.0412444 0.538961 0.151355 0.284833 0.160113 0.139506 0.114181 0.242311 0.323099 0.278081 0.23417 1.88407 1.94904 0.813615 0.524663 5.35784 4.93006 1.35127 3.74991 0.899522 2.46456
26.366010 0.0413733 0.538601 0.144283 0.287335 0.164932 0.139494 0.112895 0.238409 0.330433 0.280467 0.23697 2.16188 2.052 0.83373 0.530187 3.9809 4.34082 1.35712 3.69377 0.845308 2.16538
26.607900 0.0414613 0.537569 0.142804 0.288548 0.167963 0.139862 0.110702 0.24093 0.33497 0.280726 0.240238 2.65528 2.13588 0.849802 0.538625 3.13855 3.79924 1.33652 3.94805 0.795731 1.93062
26.849790 0.0415557 0.535332 0.147687 0.2889 0.169803 0.14056 0.107545 0.247622 0.337691 0.279583 0.243982 3.54596 2.19875 0.86361 0.551918 2.61416 3.3528 1.30318 4.48084 0.752805 1.74408
27.091680 0.0416185 0.530737 0.161442 0.28861 0.170942 0.141597 0.103921 0.256549 0.339307 0.277392 0.248185 5.19475 2.233 0.878342 0.573606 2.29742 3.00207 1.26376 5.32156 0.717264 1.59573
27.333570 0.0416096 0.521238 0.18858 0.287758 0.171727 0.142973 0.10214 0.26568 0.340376 0.27423 0.252872 8.18979 2.22417 0.903702 0.61045 2.13906 2.73031 1.21924 6.62292 0.689556 1.47757
27.575460 0.0416442 0.502184 0.233746 0.286177 0.172796 0.144655 0.108311 0.272123 0.341467 0.269967 0.258104 12.996 2.1519 0.956446 0.671611 2.12008 2.51204 1.16497 8.80635 0.669611 1.38225
27.817350 0.0416189 0.468891 0.29427 0.283521 0.174948 0.146655 0.129518 0.271714 0.343086 0.264168 0.263789 18.4022 2.00237 1.04872 0.757826 2.21279 2.32234 1.09633 13.0092 0.658719 1.30688
28.059240 0.0416396 0.424688 0.354658 0.278224 0.180579 0.148948 0.161564 0.263136 0.346296 0.255566 0.269927 21.1671 1.81619 1.14287 0.849138 2.34684 2.15441 1.02138 22.9541 0.661391 1.24536
28.301130 0.0414687 0.382353 0.399485 0.26312 0.199162 0.151517 0.192032 0.250758 0.35243 0.242126 0.276464 20.3925 1.69031 1.15278 0.921353 2.44412 2.03414 0.961896 54.1938 0.703803 1.18019
28.543020 0.0414898 0.350853 0.427129 0.204766 0.256376 0.154326 0.215212 0.239549 0.344487 0.248453 0.283271 18.2253 1.69533 1.00769 0.970884 2.37738 2.10481 0.928917 101.422 0.910553 1.00152
28.784910 0.0414648 0.330931 0.442399 0.157846 0.285351 0.157342 0.231317 0.23134 0.305336 0.291175 0.290377 16.2291 1.64126 0.997745 1.0061 2.19661 2.28499 0.920078 32.9774 1.06822 0.824502
29.026800 0.0414702 0.320698 0.449453 0.150981 0.286645 0.16052 0.241523 0.226199 0.285918 0.306568 0.297495 14.8326 1.61148 0.983039 1.03429 2.17696 2.30057 0.930866 10.4778 1.09179 0.814346
29.268690 0.0414632 0.318082 0.451045 0.149584 0.2849 0.163878 0.247066 0.223558 0.275748 0.312475 0.304524 14.0164 1.60829 0.95333 1.06009 2.24235 2.24736 0.957369 4.54369 1.09339 0.865695
29.510580 0.0414541 0.321828 0.44785 0.148927 0.282765 0.167385 0.248092 0.223165 0.268999 0.31547 0.311311 13.6873 1.61771 0.92716 1.08581 2.36648 2.15749 0.998142 2.43681 1.09182 0.960843
29.752470 0.041448 0.331403 0.44004 0.148475 0.280524 0.17106 0.244845 0.224713 0.263958 0.317504 0.317602 13.7407 1.63375 0.909231 1.11196 2.54985 2.04107 1.05324 1.51667 1.08952 1.11001
29.994360 0.0414547 0.346983 0.42707 0.148247 0.278207 0.175015 0.237106 0.22806 0.259989 0.319376 0.323141 14.0655 1.65107 0.901902 1.13741 2.8059 1.90409 1.12451 1.05167 1.08585 1.34158
30.236250 0.0414814 0.368272 0.40787 0.148319 0.27563 0.179414 0.224859 0.232872 0.256865 0.321641 0.327501 14.4705 1.66377 0.904169 1.15971 3.15922 1.7512 1.21441 0.789939 1.07924 1.71065
30.478140 0.0415365 0.394582 0.381219 0.148795 0.272485 0.18467 0.208277 0.238558 0.254479 0.324858 0.330091 14.6569 1.66584 0.914263 1.17514 3.65259 1.5885 1.3252 0.633302 1.06814 2.33049
30.720030 0.0416034 0.423785 0.34684 0.149838 0.268057 0.191609 0.188401 0.244019 0.252769 0.329914 0.32988 14.2399 1.65741 0.926384 1.18008 4.3637 1.4266 1.45527 0.540355 1.05077 3.45256
30.961920 0.0417552 0.452524 0.306127 0.151737 0.260629 0.202115 0.167232 0.248078 0.251563 0.338476 0.324798 12.9699 1.65981 0.932782 1.17284 5.46507 1.29009 1.59263 0.49633 1.02646 5.69315
31.203810 0.0419054 0.477451 0.262278 0.155179 0.24556 0.220517 0.147329 0.250407 0.25021 0.35398 0.310263 10.9823 1.75003 0.931484 1.15215 7.45931 1.24339 1.69546 0.510202 1.00096 10.584
31.445700 0.0419089 0.496616 0.21794 0.161743 0.211527 0.253449 0.130656 0.25322 0.246799 0.379652 0.278998 8.68491 2.16102 0.94177 1.10523 12.2935 1.42702 1.6146 0.657901 1.00846 19.4908
31.687590 0.042043 0.510035 0.174772 0.170833 0.160814 0.28807 0.117813 0.261906 0.236832 0.398774 0.249149 6.23645 3.20822 0.994194 1.00649 22.3857 1.68717 1.08335 1.22692 1.09452 20.1531
31.929480 0.0421808 0.518865 0.153354 0.164031 0.137498 0.299363 0.108329 0.27102 0.226888 0.394754 0.251045 4.18958 3.61051 1.03548 0.902605 18.4006 1.49389 0.496475 2.0097 1.02305 10.9203
32.171370 0.0422636 0.524453 0.152038 0.146803 0.133867 0.29994 0.101005 0.276538 0.223532 0.384295 0.259712 3.36373 3.03034 1.04604 0.823575 10.7696 1.26989 0.253671 2.49132 0.841688 5.61851
32.413260 0.0424291 0.527801 0.154692 0.132299 0.133257 0.298445 0.095186 0.282269 0.222899 0.373423 0.265554 3.14922 2.36622 1.04085 0.760011 7.00464 1.12766 0.16611 2.83077 0.689257 3.24632
32.655150 0.0425806 0.529749 0.158063 0.122293 0.132129 0.295989 0.0901105 0.288989 0.224112 0.362478 0.269042 3.18299 1.84145 1.02716 0.706994 5.05032 1.02431 0.131529 3.11461 0.567575 2.08744
32.897040 0.042698 0.530684 0.161597 0.11625 0.130205 0.291176 0.0856308 0.296293 0.226706 0.351151 0.272158 3.33796 1.46958 1.00699 0.67011 3.90331 0.941023 0.11502 3.36569 0.465576 1.45236
33.138930 0.0426171 0.530908 0.165291 0.113042 0.127755 0.280542 0.0815608 0.303954 0.229917 0.339638 0.279154 3.56732 1.22654 0.98356 0.665312 3.16501 0.870567 0.100645 3.59038 0.374803 1.06914
33.380820 0.0428678 0.530679 0.169016 0.111785 0.125103 0.263017 0.0780782 0.3115 0.233087 0.328184 0.293576 3.83888 1.08031 0.955239 0.705079 2.65835 0.811192 0.0838672 3.791 0.309815 0.851589
33.622710 0.0429865 0.530102 0.172642 0.111597 0.12261 0.24741 0.0756479 0.318595 0.235573 0.317328 0.308787 4.13195 1.00117 0.925481 0.759284 2.29616 0.763185 0.0742871 3.97286 0.303237 0.807139
33.864600 0.0431086 0.529262 0.176158 0.111861 0.120511 0.2383 0.0743632 0.32502 0.236856 0.307591 0.319719 4.42836 0.961227 0.894826 0.806864 2.03152 0.726537 0.0767177 4.1414 0.352941 0.920868
34.106490 0.0432087 0.528199 0.179386 0.112184 0.119085 0.233559 0.0743038 0.330326 0.236829 0.299395 0.327199 4.70873 0.942542 0.864167 0.850141 1.83793 0.701386 0.0875965 4.30551 0.448021 1.19419
34.348380 0.0434434 0.526998 0.182212 0.112325 0.118632 0.231021 0.0756031 0.334552 0.23565 0.293372 0.33233 4.95797 0.934915 0.833534 0.893742 1.69874 0.687047 0.104344 4.47301 0.5945 1.71399
34.590270 0.0435712 0.525663 0.184559 0.112183 0.119591 0.229327 0.0776768 0.337507 0.233327 0.2903 0.335233 5.16235 0.933169 0.801206 0.941148 1.60429 0.682796 0.127181 4.65008 0.815045 2.75285
34.832160 0.0436857 0.524234 0.186269 0.111775 0.123089 0.22724 0.0803322 0.339131 0.230295 0.291937 0.334683 5.31778 0.936639 0.762303 0.996562 1.54875 0.685959 0.160232 4.84493 1.14504 5.21754
35.074050 0.0437798 0.522724 0.18725 0.11124 0.133095 0.221993 0.0831916 0.339427 0.226993 0.303938 0.325263 5.42462 0.946932 0.701224 1.06861 1.52951 0.689434 0.2209 5.07882 1.62303 13.3377
35.315940 0.0437436 0.521138 0.187454 0.110898 0.171862 0.194442 0.085953 0.338433 0.224205 0.352517 0.273752 5.49456 0.966165 0.577382 1.17152 1.54627 0.636281 0.402939 5.44199 2.26782 57.9246
35.557830 0.0436769 0.519499 0.186769 0.111234 0.236813 0.107939 0.08839 0.336251 0.222882 0.40091 0.198109 5.54029 0.997054 0.846792 1.03548 1.60049 0.31855 0.726292 5.75885 3.7932 47.1768
35.799720 0.0436406 0.517786 0.185224 0.113048 0.239792 0.102125 0.0904722 0.332926 0.22417 0.386584 0.224578 5.58165 1.04188 1.03478 0.900614 1.69485 0.285528 0.797335 7.53371 4.21147 12.3685
36.041610 0.0435408 0.516043 0.182861 0.116891 0.237732 0.106316 0.092047 0.328755 0.228705 0.377524 0.236983 5.64761 1.10184 1.12423 0.84876 1.83032 0.374405 0.840693 10.3511 4.10101 5.87418
36.283500 0.0434377 0.51425 0.179661 0.122481 0.235201 0.110088 0.0931062 0.323778 0.235715 0.370243 0.24399 5.77469 1.17452 1.19393 0.821381 2.00984 0.499113 0.885801 13.2915 3.81696 3.89915
36.525390 0.0433196 0.512426 0.175669 0.12838 0.232945 0.113344 0.0935936 0.318371 0.242824 0.364139 0.249139 6.02742 1.25498 1.26033 0.805558 2.23541 0.631224 0.935012 15.373 3.47458 3.03684
36.767280 0.0433147 0.510597 0.170886 0.133082 0.2317 0.116331 0.0933138 0.312852 0.247569 0.359947 0.253701 6.5159 1.33652 1.33064 0.79756 2.50344 0.745019 0.988597 16.0893 3.1365 2.5152
37.009170 0.0433398 0.508891 0.165382 0.136024 0.231683 0.119189 0.0918088 0.307871 0.248898 0.357946 0.258221 7.48003 1.41208 1.40684 0.795802 2.79192 0.819954 1.0423 15.6203 2.83272 2.123
37.251060 0.0433018 0.507341 0.15914 0.137522 0.23264 0.122009 0.0877756 0.304251 0.247125 0.357593 0.262951 9.6435 1.47105 1.48753 0.801415 3.06023 0.843578 1.09117 14.4606 2.56413 1.80026
37.492950 0.0432868 0.505048 0.155643 0.13806 0.23402 0.124856 0.0767895 0.30355 0.24303 0.358 0.267984 17.7496 1.49105 1.57322 0.824091 3.26383 0.80877 1.1213 13.0476 2.32863 1.53835
37.734840 0.0432125 0.399014 0.342203 0.13792 0.235392 0.127721 0.169431 0.260836 0.237259 0.358465 0.273271 141.9 2.20895 1.45007 1.0641 2.93957 1.08078 0.939761 11.6468 2.12609 1.33139
37.976730 0.0430653 0.204629 0.481319 0.137146 0.236597 0.130607 0.274658 0.144523 0.230174 0.358645 0.278772 26.327 3.07488 0.935384 1.19298 1.99834 1.5731 0.799811 10.3521 1.95929 1.17156
38.218620 0.0430372 0.182146 0.487939 0.135863 0.237522 0.133475 0.283666 0.127711 0.222138 0.358494 0.284312 11.2625 3.03973 0.815336 1.19402 1.90173 1.64915 0.809407 9.18145 1.8274 1.05158
38.460510 0.0430624 0.176658 0.488043 0.134157 0.238195 0.136308 0.287756 0.122861 0.213441 0.358036 0.289834 7.16629 2.91863 0.737169 1.18454 1.87624 1.68312 0.821315 8.12066 1.72916 0.963646
38.702400 0.043138 0.176073 0.486717 0.132169 0.238639 0.139007 0.291142 0.121321 0.204387 0.357374 0.295107 5.41885 2.7828 0.67388 1.16979 1.86222 1.69473 0.83278 7.14584 1.66042 0.901085
38.944290 0.0432266 0.177951 0.484798 0.130043 0.238923 0.141541 0.29431 0.12131 0.195251 0.356581 0.300034 4.52268 2.65648 0.621347 1.15309 1.85233 1.68824 0.843843 6.2473 1.61567 0.859031
39.186180 0.043341 0.181439 0.48249 0.12792 0.239085 0.143805 0.297225 0.12225 0.186271 0.355715 0.304333 4.0272 2.54855 0.578342 1.13673 1.84713 1.66618 0.853558 5.4203 1.5896 0.834565
39.428070 0.043478 0.18615 0.479866 0.125907 0.239182 0.145815 0.299746 0.123933 0.177681 0.35487 0.308061 3.75228 2.46039 0.543452 1.12194 1.84862 1.63089 0.862405 4.66467 1.57733 0.826093
39.669960 0.0436421 0.191884 0.476883 0.12406 0.239253 0.147553 0.301752 0.126267 0.16963 0.354045 0.311169 3.61259 2.39006 0.516112 1.10912 1.85934 1.58486 0.870664 3.98383 1.57484 0.83432
39.911850 0.0438176 0.198513 0.473505 0.122428 0.239352 0.149017 0.303189 0.129283 0.162226 0.353262 0.313663 3.56076 2.33438 0.49561 1.09839 1.88074 1.53124 0.878636 3.38188 1.57882 0.861655
40.153740 0.0440082 0.205991 0.469687 0.121029 0.239508 0.150199 0.303981 0.132956 0.155577 0.352512 0.315504 3.57364 2.29052 0.48127 1.08952 1.91432 1.47225 0.886573 2.85632 1.58577 0.912307
40.395630 0.0441942 0.214286 0.465353 0.119873 0.239764 0.151082 0.304111 0.137373 0.14975 0.351783 0.316656 3.63529 2.25571 0.472612 1.08208 1.96128 1.41041 0.894912 2.4065 1.59344 0.99359
40.637520 0.044408 0.22345 0.460402 0.118978 0.240163 0.151638 0.303407 0.142604 0.144817 0.351068 0.317006 3.73815 2.22763 0.469214 1.07556 2.02274 1.34736 0.903837 2.02659 1.59939 1.11772
40.879410 0.0446277 0.23361 0.4547 0.118366 0.240768 0.151812 0.301737 0.148786 0.140894 0.350387 0.316373 3.87991 2.20413 0.470907 1.06969 2.10057 1.28454 0.913511 1.71145 1.60218 1.30324
41.121300 0.0448593 0.245024 0.447996 0.11803 0.241628 0.15158 0.298836 0.156109 0.138034 0.349747 0.314576 4.06191 2.18308 0.477745 1.06411 2.19751 1.22233 0.92414 1.45327 1.60053 1.57943
41.363190 0.0450634 0.257989 0.439969 0.118069 0.242783 0.150901 0.294384 0.164741 0.136276 0.349139 0.311443 4.28321 2.16192 0.489703 1.05856 2.31708 1.16101 0.936772 1.24519 1.59455 1.98855
41.605080 0.0452819 0.272896 0.430177 0.118471 0.244274 0.149809 0.287962 0.174841 0.135592 0.348594 0.306874 4.53833 2.13757 0.506664 1.05274 2.46426 1.09991 0.952532 1.07913 1.58536 2.58822
41.846970 0.0454525 0.290068 0.418047 0.119236 0.246092 0.148404 0.279121 0.186455 0.135911 0.34797 0.300871 4.80851 2.10637 0.528053 1.04633 2.6451 1.03832 0.973043 0.949086 1.57539 3.4299
42.088860 0.0456057 0.309626 0.403012 0.120361 0.248231 0.146888 0.267417 0.199387 0.137085 0.347313 0.293715 5.05615 2.06439 0.553418 1.03873 2.8662 0.976902 1.00015 0.849205 1.56843 4.52372
42.330750 0.0457586 0.331337 0.384585 0.121828 0.250537 0.145519 0.252694 0.213139 0.138926 0.346339 0.285789 5.22306 2.0085 0.581214 1.02907 3.13497 0.916109 1.03529 0.774789 1.56926 5.75865
42.572640 0.0459109 0.354292 0.362742 0.12359 0.252858 0.144529 0.235141 0.226796 0.141206 0.344754 0.277942 5.23728 1.93791 0.609683 1.01643 3.45565 0.858364 1.07923 0.721974 1.5843 6.8488
42.814530 0.0460481 0.377167 0.338033 0.125638 0.255101 0.144017 0.215443 0.239236 0.143736 0.34233 0.271058 5.05077 1.85576 0.637676 0.999646 3.82885 0.805871 1.13164 0.687528 1.62088 7.40992
43.056420 0.0461681 0.398441 0.311739 0.127962 0.257239 0.143897 0.194842 0.249397 0.146426 0.338985 0.265854 4.66574 1.77004 0.664682 0.978005 4.24413 0.759363 1.1905 0.670759 1.68761 7.19466
43.298310 0.0462587 0.416936 0.28541 0.130535 0.259324 0.14401 0.174721 0.256561 0.149239 0.334904 0.262555 4.14229 1.69046 0.690446 0.951707 4.67042 0.717433 1.25084 0.675306 1.79378 6.28349
43.540200 0 0 0 0 0 0 0 0 0 0 0 0 0 0 0 0 0 0 0 0 0
