0 -514.332645987501 -3.003922251116944E-002 -2.991023970607124E-002 1 -2.731917194403717E-002 -2.717776478077875E-002 2 -1.872079527302778E-002 -1.857560047061535E-002 3 -1.874153945328474E-002 -1.860878231542205E-002 4 -2.991249013887545E-002 -2.978189801909631E-002 5 -4.252975939498897E-002 -4.237798325653202E-002 6 -5.340487979552788E-002 -5.327666126613995E-002 7 -3.790613843505982E-002 -3.776845659682708E-002
.241890 -514.332628631199 -3.512816473766969E-002 -3.501826038871180E-002 1 -3.515655226058124E-002 -3.503241057043766E-002 2 -2.264937806299052E-002 -2.254142250361034E-002 3 -2.344461314081881E-002 -2.334543444688574E-002 4 -3.502601104497323E-002 -3.491415674641696E-002 5 -5.068312559012368E-002 -5.056738898459323E-002 6 -5.705257277297632E-002 -5.691450145856703E-002 7 -4.324649981371304E-002 -4.312082012829473E-002
.483780 -514.332603898258 -3.495406582678659E-002 -3.491809742863245E-002 1 -3.782837820261862E-002 -3.777816695524862E-002 2 -2.122149474505472E-002 -2.118300694526928E-002 3 -2.289022748558164E-002 -2.285380730510972E-002 4 -3.487401397132507E-002 -3.483668418046735E-002 5 -5.391063664763689E-002 -5.388658964504904E-002 6 -5.534711343464516E-002 -5.530031323061100E-002 7 -4.317504176308899E-002 -4.313823755337799E-002
.725670 -514.332580351283 -2.690136899647578E-002 -2.686652207694103E-002 1 -3.272778451320374E-002 -3.273999200766103E-002 2 -1.192244000473471E-002 -1.187816670771002E-002 3 -1.452034018316939E-002 -1.448709000293333E-002 4 -2.685319445201743E-002 -2.681774444025041E-002 5 -4.921111867568188E-002 -4.917816255122790E-002 6 -4.554889800117320E-002 -4.551440451025298E-002 7 -3.510144750283372E-002 -3.507102090718067E-002
.967560 -514.332560235010 -9.671540331829844E-003 -9.715668915306806E-003 1 -1.845433707369769E-002 -1.845957332996963E-002 2 6.355010902918555E-003 6.311136520436555E-003 3 2.853453972394926E-003 2.802722958836148E-003 4 -9.700464311950627E-003 -9.744779196755721E-003 5 -3.478774772375020E-002 -3.483224177521104E-002 6 -2.603878686757885E-002 -2.607413655448748E-002 7 -1.773324478592593E-002 -1.776077802283027E-002
1.209450 -514.332556852969 1.484489412336052E-002 1.489730312201067E-002 1 3.347862541703814E-003 3.388459637765420E-003 2 3.147554635495683E-002 3.152945178436187E-002 3 2.721519654512299E-002 2.725466857281523E-002 4 1.466369533430755E-002 1.471577113021423E-002 5 -1.187711586585014E-002 -1.181793927552403E-002 6 1.550011429216680E-003 1.622374612161289E-003 7 7.027739181626871E-003 7.087088778111940E-003
1.451340 -514.332565052097 4.093705009179866E-002 4.092499998418266E-002 1 2.727207604965580E-002 2.726015450764287E-002 2 5.757466147298244E-002 5.754444397292520E-002 3 5.281040937153096E-002 5.278264517483675E-002 4 4.052515942299116E-002 4.051326681467663E-002 5 1.443273781280769E-002 1.439069628460582E-002 6 3.138439846815479E-002 3.140029560051475E-002 7 3.343299872926023E-002 3.340466160878403E-002
1.693230 -514.332587872951 6.160086503856469E-002 6.162405875761487E-002 1 4.647558231891722E-002 4.645608227665781E-002 2 7.771456162130974E-002 7.773501451613730E-002 3 7.273543204162314E-002 7.274954541000535E-002 4 6.090889686030711E-002 6.093307371680077E-002 5 3.766335873437481E-002 3.759341759832557E-002 6 5.563321929471889E-002 5.575297793363391E-002 7 5.442077253795073E-002 5.443121613512802E-002
1.935120 -514.332617775905 7.236738183918201E-002 7.237206708128777E-002 1 5.641409989215849E-002 5.645557687318514E-002 2 8.766620798787240E-002 8.767328463326039E-002 3 8.270981054254825E-002 8.271127419568629E-002 4 7.139292334762448E-002 7.139978658500819E-002 5 5.460246070280476E-002 5.429886237860109E-002 6 6.771759287459243E-002 6.806637962836448E-002 7 6.548463667897020E-002 6.548811657793215E-002
2.177010 -514.332648993973 7.269896098156146E-002 7.270029672087809E-002 1 5.633581192066101E-002 5.632605562090731E-002 2 8.714383393004323E-002 8.713117107725851E-002 3 8.236092363942225E-002 8.234878404732902E-002 4 7.148120548542163E-002 7.148371264395924E-002 5 6.622078891700314E-002 6.633139277237851E-002 6 6.476935988384377E-002 6.468089480069046E-002 7 6.610737452164224E-002 6.609663479293498E-002
2.418900 -514.332673751553 6.470020229954501E-002 6.466165526105810E-002 1 4.813842891450181E-002 4.808937511463907E-002 2 7.841460340506831E-002 7.837787383679426E-002 3 7.388822874484582E-002 7.384695117043628E-002 4 6.331330490136929E-002 6.327561302826841E-002 5 7.071881802540993E-002 7.124243882498454E-002 6 5.231618125453875E-002 5.173967301495681E-002 7 5.844802145089514E-002 5.840406805221963E-002
2.660790 -514.332688275695 5.137390181850655E-002 5.129452922439818E-002 1 3.465637374779684E-002 3.455070524479423E-002 2 6.452972160752299E-002 6.444268563457757E-002 3 6.031092349826932E-002 6.022616862496422E-002 4 4.990138689425255E-002 4.982392256156487E-002 5 6.617186815290826E-002 6.627736354667529E-002 6 3.807268026234244E-002 3.780709977098674E-002 7 4.553613099202090E-002 4.544362487058203E-002
2.902680 -514.332690746545 3.552630714796215E-002 3.539589093939979E-002 1 1.859756661124667E-002 1.848386519025058E-002 2 4.829367244833591E-002 4.816225701133373E-002 3 4.443322112446072E-002 4.430521709241915E-002 4 3.406643495110999E-002 3.393747692714561E-002 5 5.636620481785844E-002 5.628891951186200E-002 6 2.381348778550156E-002 2.363296160780729E-002 7 3.019269523444009E-002 3.005774090590961E-002
3.144570 -514.332686461620 1.936138096087999E-002 1.925098785497184E-002 1 2.101889241956351E-003 1.957677588057274E-003 2 3.187007957406844E-002 3.175113319283005E-002 3 2.844035512795891E-002 2.832177044143608E-002 4 1.802443569246149E-002 1.791588999315743E-002 5 4.518942543749909E-002 4.508763244178819E-002 6 1.001857099624141E-002 9.894384977006541E-003 7 1.461248343484129E-002 1.449688785527444E-002
3.386460 -514.332674601896 4.418363317611132E-003 4.282110532130575E-003 1 -1.333456254846132E-002 -1.345263412712496E-002 2 1.674663741491582E-002 1.660891329711273E-002 3 1.385414716644838E-002 1.371164994645636E-002 4 3.338573583510375E-003 3.204527213385398E-003 5 3.462188916592757E-002 3.450623984271023E-002 6 -2.338792832283147E-003 -2.476362643791760E-003 7 3.157785722586063E-004 1.895005432156126E-004
3.628350 -514.332659298766 -8.351461794712021E-003 -8.485688521756294E-003 1 -2.679230853726264E-002 -2.692346307634590E-002 2 3.819038528618974E-003 3.715184758257087E-003 3 1.617492272512854E-003 1.502247031394290E-003 4 -8.966448819075669E-003 -9.098662791673266E-003 5 2.551692004366523E-002 2.540875059005571E-002 6 -1.249826573374881E-002 -1.260672923682443E-002 7 -1.176817117607790E-002 -1.187781979902595E-002
3.870240 -514.332638634197 -1.849001456726527E-002 -1.868711781216142E-002 1 -3.782418898399410E-002 -3.792124757291256E-002 2 -6.495140304501370E-003 -6.613394606115762E-003 3 -7.794282883055156E-003 -7.927169881598707E-003 4 -1.812513950488641E-002 -1.832900105942167E-002 5 1.784057424855056E-002 1.784953644769909E-002 6 -2.009237135928318E-002 -2.021566424060683E-002 7 -2.118560522713556E-002 -2.129255052930890E-002
4.112130 -514.332601482356 -2.605994812472337E-002 -2.651949020200345E-002 1 -4.634429287502503E-002 -4.643229618804924E-002 2 -1.413499442187164E-002 -1.420176616609543E-002 3 -1.425627279339620E-002 -1.434345748697983E-002 4 -2.243030803047364E-002 -2.310068048734880E-002 5 9.798717622998443E-003 1.034513150897058E-002 6 -2.510657414364402E-002 -2.517759888170647E-002 7 -2.784346997663028E-002 -2.791102594805218E-002
4.354020 -514.332619919300 -2.956298163961732E-002 -2.905375274776842E-002 1 -5.257354372482870E-002 -5.266342639944622E-002 2 -1.934038975480551E-002 -1.941945713314342E-002 3 -1.794530589271463E-002 -1.806033893838888E-002 4 -1.545270116499023E-002 -1.714744967198895E-002 5 -5.745121632272967E-003 -4.177623036633496E-003 6 -2.784752865455848E-002 -2.795068806341754E-002 7 -3.196043991948497E-002 -3.203903097545324E-002
4.595910 -514.332597756178 -3.345800696331405E-002 -3.350279164262726E-002 1 -5.671244374530515E-002 -5.672771284452431E-002 2 -2.254626359661285E-002 -2.257089539481813E-002 3 -1.923352622761285E-002 -1.930099607065717E-002 4 -3.377061924676020E-003 -2.197740083935337E-003 5 -2.349542139629408E-002 -2.468450975981894E-002 6 -2.880589024941091E-002 -2.882814521056160E-002 7 -3.387614036282239E-002 -3.391011966087557E-002
4.837800 -514.332572002234 -3.384266895637290E-002 -3.418004924911518E-002 1 -5.906172778245601E-002 -5.914146145091548E-002 2 -2.373412475300564E-002 -2.379738263769365E-002 3 -1.820230005070343E-002 -1.830596299574602E-002 4 6.900946090153786E-004 8.769876361017825E-004 5 -3.103248526389920E-002 -3.125380847330479E-002 6 -2.835439205194729E-002 -2.843397011937617E-002 7 -3.362243084787572E-002 -3.368204876857405E-002
5.079690 -514.332563675146 -3.275242705627594E-002 -3.285809342469413E-002 1 -6.023324773491275E-002 -6.025854871592373E-002 2 -2.375812467832477E-002 -2.374879794761315E-002 3 -1.585396562988351E-002 -1.589566723942600E-002 4 -1.258123977929538E-003 -1.196814044025765E-003 5 -3.156233802867719E-002 -3.158077673736248E-002 6 -2.730576299656515E-002 -2.730020517180883E-002 7 -3.203109474887075E-002 -3.203169719691827E-002
5.321580 -514.332559524994 -3.090134834329894E-002 -3.096672727817362E-002 1 -6.059978937809757E-002 -6.059657271471054E-002 2 -2.297241526834262E-002 -2.298416042929557E-002 3 -1.287404926121507E-002 -1.291149027297313E-002 4 -4.718917652249796E-003 -4.678450919419160E-003 5 -3.010711726479277E-002 -3.012500668591694E-002 6 -2.617412464654935E-002 -2.618998468781537E-002 7 -2.948004285958273E-002 -2.950043819742455E-002
5.563470 -514.332557435326 -2.844929329333097E-002 -2.849562192198171E-002 1 -6.038528384575402E-002 -6.041272394934030E-002 2 -2.162098461855027E-002 -2.165002607688455E-002 3 -9.923671238278794E-003 -9.960988937680174E-003 4 -8.723098665943707E-003 -8.725086524165324E-003 5 -2.775227815811752E-002 -2.776997910278903E-002 6 -2.528837772817012E-002 -2.533077501553293E-002 7 -2.622529324253108E-002 -2.625383571335694E-002
5.805360 -514.332557399104 -2.556948552334638E-002 -2.558348729076399E-002 1 -5.971149886801203E-002 -5.973664807283616E-002 2 -1.985377996237555E-002 -1.984136851255502E-002 3 -7.502407313524440E-003 -7.509545963048269E-003 4 -1.279426769185005E-002 -1.279828373167642E-002 5 -2.489310332599727E-002 -2.489230254008848E-002 6 -2.479940725901221E-002 -2.478864449878108E-002 7 -2.244365406462575E-002 -2.243826375458353E-002
6.047250 -514.332558045607 -2.231972254979137E-002 -2.232250753685051E-002 1 -5.858372573125487E-002 -5.857433475461812E-002 2 -1.770754642949762E-002 -1.770483056870159E-002 3 -5.794264513303973E-003 -5.798420396330907E-003 4 -1.658011674234288E-002 -1.657012053668912E-002 5 -2.171547160518901E-002 -2.171767470139826E-002 6 -2.466644686128221E-002 -2.465337148074680E-002 7 -1.821226414585520E-002 -1.820295173081117E-002
6.289140 -514.332558440086 -1.863411664342844E-002 -1.864358158293722E-002 1 -5.690617033144010E-002 -5.690466900209271E-002 2 -1.513270588376685E-002 -1.513613279700270E-002 3 -4.671304989197461E-003 -4.679822811994624E-003 4 -1.980843484040494E-002 -1.979289765892192E-002 5 -1.831587322469771E-002 -1.834189377519400E-002 6 -2.469155829611113E-002 -2.469530027890904E-002 7 -1.354427148984432E-002 -1.356419231339581E-002
6.531030 -514.332560085720 -1.442335256125722E-002 -1.440416859291200E-002 1 -5.453629399962105E-002 -5.457790157182248E-002 2 -1.205788203790225E-002 -1.208945460064259E-002 3 -3.801458664418432E-003 -3.824242547396489E-003 4 -2.224252790933844E-002 -2.225255014903285E-002 5 -1.480678975988777E-002 -1.481897029897381E-002 6 -2.455339602278585E-002 -2.457829709951527E-002 7 -8.443638822246127E-003 -8.458699789742140E-003
6.772920 -514.332563222348 -9.657774927492306E-003 -9.605042905955848E-003 1 -5.133987040533563E-002 -5.135725322619942E-002 2 -8.433574810289555E-003 -8.427309824333614E-003 3 -2.784715982879768E-003 -2.786897586066842E-003 4 -2.358961260981669E-002 -2.359371266583749E-002 5 -1.141649973269181E-002 -1.141656302046442E-002 6 -2.383285413432143E-002 -2.384089705764028E-002 7 -2.953099711662693E-003 -2.953941140565720E-003
7.014810 -514.332567920724 -4.403456266313973E-003 -4.317978462519230E-003 1 -4.725155757442478E-002 -4.725147601591190E-002 2 -4.283663036381893E-003 -4.264643870228653E-003 3 -1.288563624757895E-003 -1.276347534638802E-003 4 -2.341223472427418E-002 -2.342239770007156E-002 5 -8.569643910892190E-003 -8.556160904055045E-003 6 -2.203803766252349E-002 -2.205135423898562E-002 7 2.790467534663089E-003 2.797624804081914E-003
7.256700 -514.332572019089 1.130710860835480E-003 1.189665165808469E-003 1 -4.234512080679198E-002 -4.239022520909266E-002 2 2.441767727786506E-004 2.277357008975358E-004 3 8.381717352977128E-004 8.323506394743062E-004 4 -2.111981664566847E-002 -2.117241685119277E-002 5 -6.967417698075067E-003 -6.980177024917989E-003 6 -1.864784433227969E-002 -1.870674991941253E-002 7 8.520412724374107E-003 8.505591205710447E-003
7.498590 -514.332576738482 6.583523624295260E-003 6.645938564921884E-003 1 -3.685787966523948E-002 -3.676869875414970E-002 2 4.873528637982582E-003 4.956444762853552E-003 3 3.530471603337271E-003 3.615295251753817E-003 4 -1.613155851947499E-002 -1.609900351720774E-002 5 -7.428838307930810E-003 -7.392080632017446E-003 6 -1.318654649853806E-002 -1.319608813173545E-002 7 1.385288705088374E-002 1.391133314190009E-002
7.740480 -514.332572919834 1.151704116680564E-002 1.135097728054972E-002 1 -3.119135884801552E-002 -3.125302129361358E-002 2 9.216171698507506E-003 9.170369436860662E-003 3 6.487801724527311E-003 6.477394718011935E-003 4 -8.493833936765272E-003 -8.435827534270746E-003 5 -1.027205385539053E-002 -1.041240358696624E-002 6 -5.557365792868303E-003 -5.624403398505379E-003 7 1.833717770135315E-002 1.830834023154444E-002
7.982370 -514.332568210493 1.545767821257464E-002 1.527301925388927E-002 1 -2.584572388830573E-002 -2.577514654991953E-002 2 1.284024210362822E-002 1.290625128702126E-002 3 9.246014956622537E-003 9.336447990167614E-003 4 4.203427131324799E-004 6.931333956379862E-004 5 -1.459838232172441E-002 -1.480859414499445E-002 6 3.402637727303758E-003 3.537820398272739E-003 7 2.158831494058056E-002 2.161122891103878E-002
8.224260 -514.332563879928 1.781548859673089E-002 1.764619644017176E-002 1 -2.134716503538601E-002 -2.134763429210953E-002 2 1.531886730667119E-002 1.532265721858683E-002 3 1.127559064990769E-002 1.131437420956163E-002 4 8.345563031163433E-003 8.618837780310458E-003 5 -1.873296713984447E-002 -1.902264938669122E-002 6 1.176039363038509E-002 1.196660515468216E-002 7 2.344734236295169E-002 2.339847131451442E-002
8.466150 -514.332563952448 1.804916486199986E-002 1.798770399400684E-002 1 -1.820606573348046E-002 -1.817479576538856E-002 2 1.625313212248526E-002 1.628146513888424E-002 3 1.204236081999379E-002 1.211653051211950E-002 4 1.353604334014276E-002 1.377469833050120E-002 5 -2.163807310873867E-002 -2.185443094570596E-002 6 1.739185465025641E-002 1.763991083850831E-002 7 2.390681958719912E-002 2.385478765327360E-002
8.708040 -514.332568337136 1.589913993549820E-002 1.593616310123956E-002 1 -1.687426392422534E-002 -1.680644010333063E-002 2 1.530009989393884E-002 1.538593089060622E-002 3 1.107684263721072E-002 1.117718353150357E-002 4 1.538562543214120E-002 1.559105424325424E-002 5 -2.346819132436912E-002 -2.355415874854400E-002 6 1.917485190873157E-002 1.942650109104653E-002 7 2.282716963555969E-002 2.286273710499270E-002
8.949930 -514.332573820919 1.128392294694755E-002 1.134447972189504E-002 1 -1.770695075003861E-002 -1.764399669989693E-002 2 1.219173350084208E-002 1.226263647985284E-002 3 8.015990514834608E-003 8.113652420486013E-003 4 1.394581136431843E-002 1.409991608380033E-002 5 -2.504891228960609E-002 -2.508339219085233E-002 6 1.712034484328162E-002 1.727818645632101E-002 7 1.983037913197102E-002 1.988846354243178E-002
9.191820 -514.332581754162 4.190800506643939E-003 4.315893955567540E-003 1 -2.094948036573860E-002 -2.079731411797111E-002 2 6.742491441347748E-003 6.878842486024554E-003 3 2.609830928836964E-003 2.765113504498195E-003 4 9.419720585828165E-003 9.592754476789440E-003 5 -2.730509049224164E-002 -2.724013284235782E-002 6 1.174966286505826E-002 1.191118689012940E-002 7 1.446801470740690E-002 1.463297603543500E-002
9.433710 -514.332588501505 -5.265288356266521E-003 -5.143972389281134E-003 1 -2.672175215979502E-002 -2.661971350605608E-002 2 -1.133415520660629E-003 -1.008992323219996E-003 3 -5.264847230054823E-003 -5.134532138027926E-003 4 2.010682789087486E-003 2.153606848937673E-003 5 -3.100297622524482E-002 -3.090804601034298E-002 6 3.719851463056961E-003 3.795119005542108E-003 7 6.339090451902790E-003 6.538647883468102E-003
9.675600 -514.332593192630 -1.684301406472779E-002 -1.672258079805134E-002 1 -3.499218104985642E-002 -3.489542108053050E-002 2 -1.138991161818269E-002 -1.128389577948740E-002 3 -1.557963173854222E-002 -1.546114502826265E-002 4 -8.042545578267855E-003 -7.913399488518096E-003 5 -3.668468839281206E-002 -3.656724648592697E-002 6 -6.150341510524780E-003 -6.145763491257826E-003 7 -4.929095096800190E-003 -4.678519158838763E-003
9.917490 -514.332597930013 -3.017781085109120E-002 -2.998109345429335E-002 1 -4.553677006565048E-002 -4.530353250019749E-002 2 -2.380574906529987E-002 -2.360790970788240E-002 3 -2.811938971281114E-002 -2.791792655567649E-002 4 -2.039562324584009E-002 -2.019612754658039E-002 5 -4.460100243461709E-002 -4.438996555274039E-002 6 -1.711699447380110E-002 -1.699970469831115E-002 7 -1.932418477423902E-002 -1.903700852108560E-002
10.159380 -514.332597638803 -4.468702544929730E-002 -4.450332947412678E-002 1 -5.783841503454024E-002 -5.766160034402607E-002 2 -3.789086383037664E-002 -3.771676033312805E-002 3 -4.239191352814558E-002 -4.219758188803707E-002 4 -3.447739224041106E-002 -3.429134294121996E-002 5 -5.458355128708787E-002 -5.437336592787754E-002 6 -2.903737344282779E-002 -2.884901787643477E-002 7 -3.573504659296509E-002 -3.557073927228196E-002
10.401270 -514.332589952752 -5.945988765719826E-002 -5.932777133369575E-002 1 -7.097599892964040E-002 -7.086391409269986E-002 2 -5.278011243666592E-002 -5.265454253677438E-002 3 -5.753492412529433E-002 -5.740999781112806E-002 4 -4.936463974135929E-002 -4.922394131985546E-002 5 -6.593479870250349E-002 -6.577349473870543E-002 6 -4.180987727861318E-002 -4.163487099825374E-002 7 -5.231667053026493E-002 -5.221870124365342E-002
10.643160 -514.332576205846 -7.303403185616611E-002 -7.292320159109734E-002 1 -8.345636489143732E-002 -8.333873776926398E-002 2 -6.706681176687886E-002 -6.695074759701082E-002 3 -7.215644633513990E-002 -7.202604168872742E-002 4 -6.359998671878776E-002 -6.347226650743210E-002 5 -7.723316609533662E-002 -7.709517372189728E-002 6 -5.429824722269352E-002 -5.414487310292808E-002 7 -6.723004414609464E-002 -6.715045425662512E-002
10.885050 -514.332557664109 -8.310202490296448E-002 -8.301754312653280E-002 1 -9.286575167388779E-002 -9.274952208471712E-002 2 -7.849603467974194E-002 -7.836984051409979E-002 3 -8.402206049786785E-002 -8.390726481907804E-002 4 -7.489086978896976E-002 -7.478605039140525E-002 5 -8.602836553090445E-002 -8.590697674535933E-002 6 -6.414401984598941E-002 -6.398362089030650E-002 7 -7.820400257592068E-002 -7.810645015646622E-002
11.126940 -514.332537327060 -8.602815203033218E-002 -8.596735967818421E-002 1 -9.532218656989824E-002 -9.525570513682263E-002 2 -8.347950586303136E-002 -8.338323537381856E-002 3 -8.955543018198583E-002 -8.946543451189420E-002 4 -7.961947299007970E-002 -7.952494905827620E-002 5 -8.836982967977805E-002 -8.828209411936709E-002 6 -6.769909726171205E-002 -6.758677761926021E-002 7 -8.162572263745409E-002 -8.154358854642316E-002
11.368830 -514.332518570289 -7.615210033845121E-002 -7.613775427699362E-002 1 -8.474934393538557E-002 -8.471641284159757E-002 2 -7.642063157487831E-002 -7.640445535597255E-002 3 -8.310846070426321E-002 -8.306110376330768E-002 4 -7.219481075997822E-002 -7.214471096890836E-002 5 -7.812128220537430E-002 -7.806594096090107E-002 6 -5.957573572079970E-002 -5.952606749095699E-002 7 -7.180150078547186E-002 -7.177206054086252E-002
11.610720 -514.332506336484 -4.668881909247095E-002 -4.668433508769068E-002 1 -5.367831034924433E-002 -5.359529473581678E-002 2 -5.040550022461571E-002 -5.032642383642934E-002 3 -5.753585355689123E-002 -5.748759070919086E-002 4 -4.585170566978545E-002 -4.580788398467963E-002 5 -4.780984427419351E-002 -4.777164948811590E-002 6 -3.359024192183239E-002 -3.348689977974882E-002 7 -4.196709509577261E-002 -4.191793701496306E-002
11.852610 -514.332502018115 1.918244466853884E-003 1.844584504674474E-003 1 -1.974201734912943E-003 -2.084131148038140E-003 2 -5.061190462768071E-003 -5.149526234761017E-003 3 -1.198297661815183E-002 -1.203177498160777E-002 4 -5.729231540009120E-004 -6.065273325278723E-004 5 2.791718442238186E-003 2.740788808520382E-003 6 9.538780674322685E-003 9.440384482049594E-003 7 7.103641177335916E-003 7.044551891590731E-003
12.094500 -514.332508582140 5.127758051680330E-002 5.124222574410371E-002 1 5.140920728128404E-002 5.138842595094933E-002 2 4.251000824890355E-002 4.246580588970129E-002 3 3.664001110043264E-002 3.660534534847803E-002 4 4.631536601293472E-002 4.630506369254605E-002 5 5.521150260365336E-002 5.520293242258800E-002 6 5.286784359078518E-002 5.286089643410360E-002 7 5.648966409855061E-002 5.648439737557590E-002
12.336390 -514.332525096018 8.232801301741091E-002 8.235662738021866E-002 1 8.612609239682707E-002 8.620713209857331E-002 2 7.341066162904591E-002 7.346587242185799E-002 3 6.891904865790019E-002 6.898765374536492E-002 4 7.619892888947169E-002 7.624596098306909E-002 5 8.965777281941019E-002 8.969484261394803E-002 6 7.931565698737120E-002 7.936096079999312E-002 7 8.699724869789233E-002 8.703384264368970E-002
12.578280 -514.332544488131 9.371021144893704E-002 9.365585471250734E-002 1 0.100332903201513 0.100285750023032 2 8.548582934609027E-002 8.541401750057198E-002 3 8.222631831958162E-002 8.217856689654003E-002 4 8.724511334171044E-002 8.720306410325826E-002 5 0.104380044654038 0.104325801988387 6 8.787017538153161E-002 8.781773362174623E-002 7 9.746101039607134E-002 9.742181444580535E-002
12.820170 -514.332561790404 9.181951769213649E-002 9.167120899510316E-002 1 0.100588115261605 0.100403602685866 2 8.453933284914239E-002 8.439515251114908E-002 3 8.226472267121379E-002 8.212141577301411E-002 4 8.534477245688607E-002 8.520672582851516E-002 5 0.105764673113331 0.105602574056073 6 8.436985405239346E-002 8.421601328353168E-002 7 9.444756265401293E-002 9.430409357989417E-002
13.062060 -514.332581368028 8.224327922662687E-002 8.222724517239539E-002 1 9.272139181869443E-002 9.276061161416657E-002 2 7.591140134108415E-002 7.589322817039988E-002 3 7.444337823691158E-002 7.442308058053118E-002 4 7.582644793458333E-002 7.580298202396814E-002 5 9.943983685395283E-002 9.944044779328884E-002 6 7.387807701352188E-002 7.387295735442297E-002 7 8.366893948471103E-002 8.364818239083863E-002
13.303950 -514.332591561571 6.869765002489871E-002 6.855417854661636E-002 1 8.063631393121359E-002 8.047439945412445E-002 2 6.325100126516170E-002 6.307371247831317E-002 3 6.248727610697492E-002 6.232954711573738E-002 4 6.231550311465647E-002 6.217050777751233E-002 5 8.912290189124432E-002 8.897309493857204E-002 6 5.980491950814421E-002 5.962612612754245E-002 7 6.895690802512718E-002 6.879144910842093E-002
13.545840 -514.332595611267 5.362201347937226E-002 5.345982249242121E-002 1 6.686982646289424E-002 6.666808707768881E-002 2 4.897178383460174E-002 4.879275230476046E-002 3 4.887245004380576E-002 4.868903145582179E-002 4 4.720981069998922E-002 4.704717228094567E-002 5 7.720606950037114E-002 7.703040450319437E-002 6 4.441774384720538E-002 4.422810473211402E-002 7 5.280668547008580E-002 5.263553997608694E-002
13.787730 -514.332596797060 3.859851823007889E-002 3.848466853318216E-002 1 5.305411594981579E-002 5.298725405234347E-002 2 3.464465473651442E-002 3.454905850496582E-002 3 3.522811877204625E-002 3.511251093772060E-002 4 3.207609854108424E-002 3.195682083398454E-002 5 6.521395558649003E-002 6.510315236102887E-002 6 2.921587352677842E-002 2.912062095740936E-002 7 3.680317579170631E-002 3.667854777532549E-002
14.029620 -514.332592681065 2.465022019378989E-002 2.450892347027993E-002 1 4.024921365274158E-002 4.011663493917544E-002 2 2.129833570506708E-002 2.114751238975688E-002 3 2.261977046006573E-002 2.245089863439660E-002 4 1.795390038092172E-002 1.781337959200434E-002 5 5.411099587801357E-002 5.396362107486941E-002 6 1.522474672513907E-002 1.508566988192654E-002 7 2.191428399653371E-002 2.177304225351336E-002
14.271510 -514.332587384939 1.238847053081954E-002 1.228427597906067E-002 1 2.909947455558242E-002 2.901412160032743E-002 2 9.560285508459736E-003 9.461266572196741E-003 3 1.170255031261032E-002 1.158744935505359E-002 4 5.490546601973094E-003 5.385099259765598E-003 5 4.443310759913825E-002 4.433457017874569E-002 6 3.167816430354659E-003 3.061042192741447E-003 7 8.601362352580990E-003 8.489708133516710E-003
14.513400 -514.332578659193 2.101049962136902E-003 1.962736560172528E-003 1 1.994864832545115E-002 1.978675992435326E-002 2 -2.361697961836854E-004 -3.878073579544975E-004 3 2.831431828358272E-003 2.653915780522417E-003 4 -4.943878107744644E-003 -5.082701554572567E-003 5 3.637281886432633E-002 3.624657480624094E-002 6 -6.381655014852257E-003 -6.494646558952584E-003 7 -3.092990202982180E-003 -3.257624746227744E-003
14.755290 -514.332570979024 -6.115620100619004E-003 -6.208613575063416E-003 1 1.293808743612170E-002 1.285235064014746E-002 2 -7.948912323893022E-003 -8.044417285437302E-003 3 -3.853980847278737E-003 -3.975199470273859E-003 4 -1.313619739612193E-002 -1.323795582101175E-002 5 2.986313149987862E-002 2.980814697107978E-002 6 -1.320704654421496E-002 -1.315801856795085E-002 7 -1.314870733022145E-002 -1.337400079677763E-002
14.997180 -514.332564856290 -1.234072741305374E-002 -1.238331760630739E-002 1 8.066627947398257E-003 8.058304625515779E-003 2 -1.357173046746206E-002 -1.359593843327773E-002 3 -8.369207257222157E-003 -8.435865559548540E-003 4 -1.890426478271343E-002 -1.900448781178019E-002 5 2.457061694421563E-002 2.459851345080341E-002 6 -1.785297570667765E-002 -1.773831496758776E-002 7 -2.105471676664399E-002 -2.125399321828661E-002
15.239070 -514.332559644663 -1.679684085746251E-002 -1.679553280581728E-002 1 5.250158036056296E-003 5.212068921540362E-003 2 -1.718050649506236E-002 -1.724549835175712E-002 3 -1.084364282076175E-002 -1.093534577929321E-002 4 -2.176928144885502E-002 -2.201887429905353E-002 5 1.972555560257955E-002 1.991166167828479E-002 6 -2.097931010051063E-002 -2.095299449341423E-002 7 -2.632327001414375E-002 -2.647178817617003E-002
15.480960 -514.332566439237 -1.964221625981498E-002 -1.930390121601624E-002 1 4.349781956005355E-003 4.298409188971294E-003 2 -1.889275951150987E-002 -1.893878256712417E-002 3 -1.150587802501037E-002 -1.159410746606640E-002 4 -1.973807499946019E-002 -2.053561177678654E-002 5 1.300139247726933E-002 1.374169490005616E-002 6 -2.263185441733552E-002 -2.263191216278665E-002 7 -2.914752485907358E-002 -2.922761152489223E-002
15.722850 -514.332599656982 -1.952300921584148E-002 -1.845709131332640E-002 1 5.155694610399558E-003 5.148015794859537E-003 2 -1.888565379639994E-002 -1.890705957508572E-002 3 -1.068593464245745E-002 -1.074587203419958E-002 4 -8.720441927332951E-003 -9.568599733182359E-003 5 -7.568941670185840E-005 7.573263158401470E-004 6 -2.274454903883088E-002 -2.275110750292340E-002 7 -2.992410573755931E-002 -2.997583922725768E-002
15.964740 -514.332557164064 -1.898486594958754E-002 -1.969548868210040E-002 1 7.557513337172582E-003 7.512277419524989E-003 2 -1.722883443352340E-002 -1.725807955190908E-002 3 -8.705124225941070E-003 -8.768833118276372E-003 4 5.285875802486260E-003 6.137988180784279E-003 5 -1.367905888716117E-002 -1.452851394005703E-002 6 -2.127072472487664E-002 -2.128222659931359E-002 7 -2.884172969836022E-002 -2.889395595800729E-002
16.206630 -514.332540164287 -1.709225838154942E-002 -1.735044414549077E-002 1 1.153165691538877E-002 1.153414746658025E-002 2 -1.390774170326447E-002 -1.392732351326720E-002 3 -5.892047727812860E-003 -5.922372388871913E-003 4 1.293099375942764E-002 1.322979353489277E-002 5 -1.834685479344768E-002 -1.862282401558425E-002 6 -1.811151085554991E-002 -1.811750897335495E-002 7 -2.589360833244444E-002 -2.590521717540946E-002
16.448520 -514.332535410036 -1.382356917755853E-002 -1.385338605585595E-002 1 1.652990393228180E-002 1.652036348342887E-002 2 -9.385901294428999E-003 -9.399208720804597E-003 3 -2.836688874822425E-003 -2.858684270817769E-003 4 1.589590264158234E-002 1.597423365264380E-002 5 -1.633204323881495E-002 -1.639232836363106E-002 6 -1.368979008999632E-002 -1.368340173725339E-002 7 -2.135603829529725E-002 -2.137547556422194E-002
16.690410 -514.332533517385 -9.411989472614216E-003 -9.405756910790092E-003 1 2.224483247604210E-002 2.221427251756145E-002 2 -3.903480044443276E-003 -3.911052864555490E-003 3 1.099906677419157E-004 9.688903598556007E-005 4 1.789170265761168E-002 1.792006755668946E-002 5 -1.166206631700090E-002 -1.168290064897604E-002 6 -8.207297875111794E-003 -8.211993429237832E-003 7 -1.518802763598744E-002 -1.522945385491116E-002
16.932300 -514.332534541571 -4.075581916602313E-003 -4.018773648073353E-003 1 2.829749392104493E-002 2.833857267384656E-002 2 2.224519751491729E-003 2.260974649910636E-003 3 2.703019816598424E-003 2.729722817880089E-003 4 1.981898760783917E-002 1.985946226345466E-002 5 -5.698869131728229E-003 -5.660635163575572E-003 6 -1.951525957783182E-003 -1.912731978071009E-003 7 -7.181207145631962E-003 -7.233453144236364E-003
17.174190 -514.332534883787 1.868689584659308E-003 1.886604025169816E-003 1 3.425633430374381E-002 3.428932164717222E-002 2 8.611553572374888E-003 8.607144137670950E-003 3 4.846699720189585E-003 4.868745115270435E-003 4 2.169837068756721E-002 2.171030649348297E-002 5 8.532513747505779E-004 8.570130288935798E-004 6 4.734028907956843E-003 4.735961155280626E-003 7 2.985940070797569E-003 2.863785004763586E-003
17.416080 -514.332534442714 8.024372437076497E-003 8.002884499385628E-003 1 3.971069106982254E-002 3.967040541554453E-002 2 1.483960920503671E-002 1.482539198410823E-002 3 6.621086949063201E-003 6.627357786010602E-003 4 2.324499610642734E-002 2.323689144670464E-002 5 7.441808688930523E-003 7.411931797432788E-003 6 1.153235248635029E-002 1.146853604504251E-002 7 1.512825976559777E-002 1.503630993127194E-002
17.657970 -514.332536790290 1.396438880713459E-002 1.399464473580106E-002 1 4.433176343020050E-002 4.436780601738267E-002 2 2.053396913777975E-002 2.054003027667205E-002 3 8.256716970891090E-003 8.287263560988257E-003 4 2.407638892363916E-002 2.409043787876146E-002 5 1.358650815166790E-002 1.361697130224891E-002 6 1.829665219536333E-002 1.823540586139913E-002 7 2.730971950340732E-002 2.748220549474497E-002
17.899860 -514.332538256519 1.932788424223329E-002 1.931969162296793E-002 1 4.790622677010143E-002 4.785663103026078E-002 2 2.541275417686101E-002 2.539710541868043E-002 3 1.007597355929216E-002 1.007417074946109E-002 4 2.380860039445792E-002 2.380687634907210E-002 5 1.890693120785458E-002 1.890059007666293E-002 6 2.532570066365211E-002 2.508054759461924E-002 7 3.619529940891750E-002 3.654310880200527E-002
18.141750 -514.332542654892 2.383989730040789E-002 2.388452496818460E-002 1 5.033281734609645E-002 5.038249177112962E-002 2 2.928981991799133E-002 2.931114781912005E-002 3 1.238667275102587E-002 1.242473868194956E-002 4 2.213501769824080E-002 2.215361094077996E-002 5 2.313162538675070E-002 2.316438788855032E-002 6 3.349046456435387E-002 3.315293043034240E-002 7 3.934545115450814E-002 3.981303498307530E-002
18.383640 -514.332545893532 2.726583892717158E-002 2.726895482394597E-002 1 5.158762044895574E-002 5.158516249082393E-002 2 3.205730363552315E-002 3.203752151441450E-002 3 1.533716271936234E-002 1.535461911706640E-002 4 1.894648926262837E-002 1.893283810164922E-002 5 2.606763905163653E-002 2.605594204839126E-002 6 4.227827369761106E-002 4.223971722072782E-002 7 3.758842553494699E-002 3.761931353938409E-002
18.625530 -514.332551928273 2.943162945935461E-002 2.948047531508865E-002 1 5.169154246991851E-002 5.168628184261761E-002 2 3.367311811584189E-002 3.370293179575723E-002 3 1.876288001592391E-002 1.883358175690737E-002 4 1.446983233875422E-002 1.444043662342600E-002 5 2.757231593984422E-002 2.763675007169300E-002 6 4.869345131727595E-002 4.886806964225129E-002 7 3.473568194411458E-002 3.463354521233843E-002
18.867420 -514.332557108017 3.028036042614500E-002 3.029716850668644E-002 1 5.065914328598240E-002 5.069844320838436E-002 2 3.410133272077136E-002 3.409658479495314E-002 3 2.210609417789519E-002 2.219887199139702E-002 4 9.306085234054424E-003 9.225966241491960E-003 5 2.747597255638618E-002 2.749295182341383E-002 6 5.126568112984267E-002 5.132427770466054E-002 7 3.279970214828339E-002 3.273681161501899E-002
19.109310 -514.332566340847 2.972106372053376E-002 2.980406415638972E-002 1 4.847651796951681E-002 4.847271557280967E-002 2 3.329031428765681E-002 3.330825920952811E-002 3 2.458498659817384E-002 2.470516444645982E-002 4 4.319474466779614E-003 4.187001707462545E-003 5 2.549290181802842E-002 2.556049031674647E-002 6 5.102188788679592E-002 5.105472571420514E-002 7 3.098523134785704E-002 3.097504304278705E-002
19.351200 -514.332580617407 2.767139016727405E-002 2.783633821885154E-002 1 4.510687111066767E-002 4.513779663044443E-002 2 3.118144279874026E-002 3.123012840944872E-002 3 2.551017890938112E-002 2.565269672440224E-002 4 4.582054865799365E-004 2.935978754290324E-004 5 2.107765341424349E-002 2.122608704910622E-002 6 4.885616125945796E-002 4.891039940743615E-002 7 2.841677123148888E-002 2.845431083080166E-002
19.593090 -514.332593139517 2.401834712592502E-002 2.414448458624662E-002 1 4.048309169214827E-002 4.053472990413698E-002 2 2.769275248307675E-002 2.772217715886367E-002 3 2.447148863285113E-002 2.457961407783560E-002 4 -1.383940161275563E-003 -1.538509199767765E-003 5 1.337127919367029E-002 1.355360164065409E-002 6 4.508574937785649E-002 4.511479890308633E-002 7 2.467825756078155E-002 2.471822496365027E-002
19.834980 -514.332590351127 1.870496630115797E-002 1.857208711199145E-002 1 3.452799171310172E-002 3.456825855313982E-002 2 2.273883792818065E-002 2.278844697818590E-002 3 2.133331523162897E-002 2.143897556351077E-002 4 -1.210058689741699E-003 -1.125138734029957E-003 5 2.104370596002027E-003 2.089717130782887E-003 6 3.977301521541657E-002 3.982608833183877E-002 7 1.955325468862385E-002 1.959739713866583E-002
20.076870 -514.332585820935 1.208771418807596E-002 1.195341867419451E-002 1 2.719645750562544E-002 2.726887686055987E-002 2 1.626916299306636E-002 1.635657352007807E-002 3 1.613732879035614E-002 1.625914527112745E-002 4 -1.366753149341824E-003 -9.737732822267729E-004 5 -1.073611103685811E-002 -1.100226322371897E-002 6 3.289472807384880E-002 3.296944783487094E-002 7 1.293571614468319E-002 1.301532773743277E-002
20.318760 -514.332589530621 3.991713859417056E-003 4.022266566374885E-003 1 1.848566705857003E-002 1.853585185478225E-002 2 8.289100748526472E-003 8.334260905278952E-003 3 9.013033565311671E-003 9.080625091183906E-003 4 -4.775192160385521E-003 -4.440107016257106E-003 5 -2.248571512560794E-002 -2.271792963081865E-002 6 2.443440492189262E-002 2.449474068032443E-002 7 4.815491683870012E-003 4.867817619712663E-003
20.560650 -514.332595761733 -5.645843274428583E-003 -5.543443248777566E-003 1 8.471440028709355E-003 8.540683426588017E-003 2 -1.128485397056642E-003 -1.059467538272781E-003 3 1.478441189082469E-004 2.359158371017177E-004 4 -1.194306980023399E-002 -1.172355916260727E-002 5 -3.261529689482522E-002 -3.272520441293311E-002 6 1.435281736554132E-002 1.446160763806108E-002 7 -4.735176171763805E-003 -4.670437742074032E-003
20.802540 -514.332597325815 -1.648812799912290E-002 -1.641379569494569E-002 1 -2.611896776042661E-003 -2.551462904117079E-003 2 -1.176226338219361E-002 -1.168228974212169E-002 3 -1.014369339244636E-002 -1.006170772681604E-002 4 -2.174200773058237E-002 -2.160914248696512E-002 5 -4.114854221055582E-002 -4.150929249807846E-002 6 2.022760084038266E-003 2.458905608101667E-003 7 -1.548742671029932E-002 -1.541908315766880E-002
21.044430 -514.332605691246 -2.794475127646631E-002 -2.767385878554196E-002 1 -1.431149763902746E-002 -1.425488975622941E-002 2 -2.317342482724761E-002 -2.311807363798254E-002 3 -2.134870980969990E-002 -2.128929318510735E-002 4 -3.299095003064200E-002 -3.288348272617697E-002 5 -3.834299549152338E-002 -4.210910038849861E-002 6 -2.229130323936215E-002 -1.844502696900552E-002 7 -2.699194935486667E-002 -2.693403153120818E-002
21.286320 -514.332582261447 -3.944276047943527E-002 -3.958147128895011E-002 1 -2.590036133389315E-002 -2.584618823000706E-002 2 -3.463277888728700E-002 -3.460591506039667E-002 3 -3.268396419146335E-002 -3.265822218441801E-002 4 -4.456779710217137E-002 -4.451187862518855E-002 5 -2.966000999722520E-002 -2.672881969173400E-002 6 -5.213454181644989E-002 -5.501747554332341E-002 7 -3.851766754707833E-002 -3.848345253807357E-002
21.528210 -514.332567336602 -4.969370009850228E-002 -4.967346771142028E-002 1 -3.607060095375770E-002 -3.605531490074406E-002 2 -4.485186001689105E-002 -4.482269099069558E-002 3 -4.281502875765387E-002 -4.278858020446413E-002 4 -5.502101804365424E-002 -5.497939776722441E-002 5 -3.147004791730095E-002 -3.124911126427920E-002 6 -6.892416578338285E-002 -6.911076909041139E-002 7 -4.872125790480919E-002 -4.870166818317271E-002
21.770100 -514.332548984069 -5.765319978982476E-002 -5.763895928963002E-002 1 -4.351938899286532E-002 -4.352619314520628E-002 2 -5.251494901800707E-002 -5.249990224597238E-002 3 -5.038802044520346E-002 -5.037998809839964E-002 4 -6.283393784357172E-002 -6.281225042631253E-002 5 -3.844208383932903E-002 -3.839629054083200E-002 6 -7.535703640313661E-002 -7.537986197781332E-002 7 -5.628930109303527E-002 -5.627854060173888E-002
22.011990 -514.332527797715 -6.148035494961165E-002 -6.149954494689473E-002 1 -4.648895820798966E-002 -4.654234478766766E-002 2 -5.586045731389348E-002 -5.588706778288147E-002 3 -5.361352451128325E-002 -5.364696023090084E-002 4 -6.612170440114309E-002 -6.613304653850961E-002 5 -4.186347938974514E-002 -4.187341272537110E-002 6 -7.670607262257997E-002 -7.674568098841167E-002 7 -5.942404804390683E-002 -5.945309324796737E-002
22.253880 -514.332507772148 -5.950539477496360E-002 -5.954597411073081E-002 1 -4.339138481392019E-002 -4.341125026293625E-002 2 -5.326305670985546E-002 -5.330676138056650E-002 3 -5.084939042094134E-002 -5.090144792559238E-002 4 -6.308117391856045E-002 -6.312325978212889E-002 5 -3.968708248727039E-002 -3.970285076021806E-002 6 -7.180490992096558E-002 -7.184314483767322E-002 7 -5.648168405812708E-002 -5.651634112288857E-002
22.495770 -514.332490816612 -5.067786816606515E-002 -5.077148404295320E-002 1 -3.343627102505432E-002 -3.349621445094463E-002 2 -4.385154093215810E-002 -4.392405883697643E-002 3 -4.122874718144332E-002 -4.131594117390530E-002 4 -5.254212435677031E-002 -5.266837968420005E-002 5 -3.120875998024588E-002 -3.123815160136315E-002 6 -5.972263857752681E-002 -5.980892515911965E-002 7 -4.659418963788362E-002 -4.666039041414320E-002
22.737660 -514.332485034368 -3.552396021986971E-002 -3.553417417557595E-002 1 -1.750981911939364E-002 -1.751304645189846E-002 2 -2.838602742317264E-002 -2.838676616777936E-002 3 -2.553936598885730E-002 -2.555767694170943E-002 4 -3.467878581094471E-002 -3.483757936423855E-002 5 -1.772709361393848E-002 -1.754238618399562E-002 6 -4.106544423291259E-002 -4.108278343535082E-002 7 -3.056915083547367E-002 -3.056137149742345E-002
22.979550 -514.332493825574 -1.657137093762672E-002 -1.641041011245876E-002 1 1.289780817961664E-003 1.280506442770435E-003 2 -9.822208242329961E-003 -9.816027110733833E-003 3 -6.780823827721579E-003 -6.787516421950002E-003 4 -1.162301437123678E-002 -1.187958048293980E-002 5 -3.003202643518200E-003 -2.724137754300366E-003 6 -1.868589454358675E-002 -1.868659579249499E-002 7 -1.145952215347587E-002 -1.145750082927251E-002
23.221440 -514.332513859638 1.697617028266149E-003 1.966508270571564E-003 1 1.843443771200502E-002 1.846695215461289E-002 2 7.390757779868110E-003 7.466662013239892E-003 3 1.055604512177132E-002 1.061931113919614E-002 4 1.099859875837328E-002 1.112353397750507E-002 5 9.691025240554187E-003 9.730041049622239E-003 6 2.948123724217965E-003 2.998055883698364E-003 7 6.176674915312395E-003 6.240684976223297E-003
23.463330 -514.332526702821 1.486978334299279E-002 1.483247936467884E-002 1 3.003892704435201E-002 3.007099303934640E-002 2 1.928902607434825E-002 1.931795406072484E-002 3 2.249646242892507E-002 2.250658590518438E-002 4 2.626280566395347E-002 2.635293065638356E-002 5 1.938408348594731E-002 1.933520012489362E-002 6 1.978708020760854E-002 1.978879523326775E-002 7 1.835019749659560E-002 1.837650796864897E-002
23.705220 -514.332539825559 2.125636968510758E-002 2.116790040065128E-002 1 3.437381444162736E-002 3.433801325121993E-002 2 2.405399613302030E-002 2.404140515439765E-002 3 2.723559254704969E-002 2.721682864322926E-002 4 3.215340166583416E-002 3.214021070253783E-002 5 2.458501027294156E-002 2.456134270478472E-002 6 2.985742422119511E-002 2.981859154084220E-002 7 2.327746010042538E-002 2.324547414372070E-002
23.947110 -514.332551510296 2.081438975733331E-002 2.072489874300057E-002 1 3.193973263107438E-002 3.194104296391297E-002 2 2.210975027367399E-002 2.208488814484708E-002 3 2.522743170756659E-002 2.518421049852766E-002 4 3.074579462067428E-002 3.070189757109551E-002 5 2.424293042286440E-002 2.420541805882281E-002 6 3.344786315236129E-002 3.342752365950821E-002 7 2.148795035918154E-002 2.146452989883558E-002
24.189000 -514.332557536861 1.512448862911956E-002 1.499330153484332E-002 1 2.453324264281377E-002 2.442657359218226E-002 2 1.516349325420139E-002 1.510567053840282E-002 3 1.821229040847539E-002 1.814401233470778E-002 4 2.465019385984556E-002 2.456111838351610E-002 5 1.936268322739909E-002 1.927414466924857E-002 6 3.219298581290259E-002 3.208618870193464E-002 7 1.484728582516399E-002 1.475888299173406E-002
24.430890 -514.332557621052 6.236159410394890E-003 6.077059366194578E-003 1 1.418962605817149E-002 1.410972933930083E-002 2 5.198604769132779E-003 5.127581219087358E-003 3 8.199620860827855E-003 8.112244177871607E-003 4 1.626805776478280E-002 1.613416217157936E-002 5 1.176916020942130E-002 1.163106628187944E-002 6 2.794911936035213E-002 2.787483288543816E-002 7 5.460933947615650E-003 5.357837166438048E-003
24.672780 -514.332553218353 -3.876561140948955E-003 -4.037917118751688E-003 1 2.668614358190608E-003 2.555383904775325E-003 2 -6.044068370539980E-003 -6.143385930309854E-003 3 -3.054158037936756E-003 -3.161203831863185E-003 4 7.688541917224134E-003 7.522588393075339E-003 5 3.181223325915839E-003 3.028667210532964E-003 6 2.214784029740744E-002 2.211091382326747E-002 7 -4.881482410302814E-003 -4.994879345556644E-003
24.914670 -514.332546169849 -1.354574761440271E-002 -1.369131472312170E-002 1 -8.684721298315988E-003 -8.781861506616615E-003 2 -1.721812359493077E-002 -1.729534285988616E-002 3 -1.418986202855181E-002 -1.428005146044031E-002 4 7.154758770709915E-004 4.965797123651343E-004 5 -5.142183450491786E-003 -5.297286994591710E-003 6 1.555989487217489E-002 1.560142517664897E-002 7 -1.484288034707817E-002 -1.494521495920152E-002
25.156560 -514.332537667349 -2.145573576549573E-002 -2.158795255795214E-002 1 -1.892868750759268E-002 -1.898913796748114E-002 2 -2.736637100447288E-002 -2.745739663583459E-002 3 -2.424289956586006E-002 -2.434780460035638E-002 4 -3.160258284662090E-003 -3.455003155290856E-003 5 -1.250454339381632E-002 -1.265845902282475E-002 6 8.416232126111060E-003 8.519546310508951E-003 7 -2.351495859710790E-002 -2.361840513415202E-002
25.398450 -514.332531305139 -2.674753977851934E-002 -2.681265994487712E-002 1 -2.745743294112379E-002 -2.756375863413008E-002 2 -3.585814840947351E-002 -3.593162776950015E-002 3 -3.258152726486262E-002 -3.266651579652601E-002 4 -3.075274119794408E-003 -3.314057632947349E-003 5 -1.866135085623122E-002 -1.875675732930359E-002 6 8.695039071495497E-004 9.901729527289317E-004 7 -3.032367804118573E-002 -3.039893011513815E-002
25.640340 -514.332526120589 -2.907807862312937E-002 -2.911729597563078E-002 1 -3.391795481891838E-002 -3.396757893730121E-002 2 -4.230724144490585E-002 -4.235894931774432E-002 3 -3.881770948786482E-002 -3.888284451555770E-002 4 6.596012318990918E-004 5.081634274088746E-004 5 -2.346973285945451E-002 -2.356834330511347E-002 6 -6.453228093677486E-003 -6.387318735520366E-003 7 -3.493690780299957E-002 -3.499391651612328E-002
25.882230 -514.332519914884 -2.854446847749322E-002 -2.862116900248526E-002 1 -3.816291959533714E-002 -3.825005574120083E-002 2 -4.652571724424969E-002 -4.657809873439697E-002 3 -4.276834509843566E-002 -4.284063795910292E-002 4 6.559064877940765E-003 6.517113506391657E-003 5 -2.668029381617931E-002 -2.678265484684089E-002 6 -1.243775701577857E-002 -1.248648286043176E-002 7 -3.721946935920767E-002 -3.730068215852538E-002
26.124120 -514.332514119433 -2.554797356430423E-002 -2.563182179368797E-002 1 -4.023022905135702E-002 -4.026034537552231E-002 2 -4.851441974869710E-002 -4.856382212090338E-002 3 -4.443140664383276E-002 -4.450427000384341E-002 4 1.286021158230606E-002 1.289781242658771E-002 5 -2.812968097912490E-002 -2.819659906445645E-002 6 -1.608916932135268E-002 -1.615015380832030E-002 7 -3.721643223453771E-002 -3.726906926759126E-002
26.366010 -514.332508320846 -2.075191669114681E-002 -2.085433372954391E-002 1 -4.032202573326884E-002 -4.038755203890901E-002 2 -4.844650322761761E-002 -4.846543761174216E-002 3 -4.395818341080354E-002 -4.401247102997595E-002 4 1.831222724378162E-002 1.835585874680885E-002 5 -2.794499215116892E-002 -2.797970112467363E-002 6 -1.705766002461378E-002 -1.714165693343997E-002 7 -3.515256726128598E-002 -3.520140157562917E-002
26.607900 -514.332504257607 -1.497578305986825E-002 -1.504768590274196E-002 1 -3.877908899230747E-002 -3.878641608787196E-002 2 -4.665030828378523E-002 -4.667078266584297E-002 3 -4.162962987612709E-002 -4.169169207957388E-002 4 2.225893959792282E-002 2.230760882080083E-002 5 -2.651233314109896E-002 -2.655588714298504E-002 6 -1.564929073878401E-002 -1.570043552477949E-002 7 -3.141469660124631E-002 -3.144372988391191E-002
26.849790 -514.332501455682 -9.002281698118494E-003 -9.050298538642178E-003 1 -3.603312213680243E-002 -3.607341451503913E-002 2 -4.356417942164031E-002 -4.358105215200702E-002 3 -3.777733335209617E-002 -3.785985510507688E-002 4 2.436536073544655E-002 2.442629755582463E-002 5 -2.433184676541436E-002 -2.436060501475599E-002 6 -1.252900190710080E-002 -1.257672299295781E-002 7 -2.649809806566968E-002 -2.652987453303858E-002
27.091680 -514.332500147465 -3.478401877659236E-003 -3.487811536512756E-003 1 -3.253038683645459E-002 -3.250821239730101E-002 2 -3.965946713179443E-002 -3.968532779648022E-002 3 -3.266079726957968E-002 -3.280235882902111E-002 4 2.437232919105128E-002 2.448661208504404E-002 5 -2.188183160006929E-002 -2.191692817064021E-002 6 -8.423346571090980E-003 -8.461813588048843E-003 7 -2.093137350319450E-002 -2.096749364985057E-002
27.333570 -514.332501778622 1.216288535486286E-003 1.296081460884098E-003 1 -2.866164975826243E-002 -2.865259145431981E-002 2 -3.535963588527869E-002 -3.531430810731673E-002 3 -2.634539936228166E-002 -2.649832658168736E-002 4 2.200920251141976E-002 2.220861770064372E-002 5 -1.953044265203811E-002 -1.948596278185704E-002 6 -3.961142010028851E-003 -3.939640841421701E-003 7 -1.518716138811860E-002 -1.515571665935630E-002
27.575460 -514.332501291086 4.908665769375333E-003 4.939026588144433E-003 1 -2.471783480860796E-002 -2.476049537861470E-002 2 -3.098475986563594E-002 -3.104944936497794E-002 3 -1.869702264985577E-002 -1.904889463026781E-002 4 1.703782299528349E-002 1.730583771613459E-002 5 -1.748588821185504E-002 -1.754054121126603E-002 6 3.912442603650206E-004 3.032913250941678E-004 7 -9.617352263541651E-003 -9.701560188612037E-003
27.817350 -514.332502878135 7.669012373286035E-003 7.772395298734235E-003 1 -2.086471589867595E-002 -2.087940206048394E-002 2 -2.671583533136574E-002 -2.668832278930241E-002 3 -9.903616511918137E-003 -1.015066353187685E-002 4 9.762080695072452E-003 1.003683076025346E-002 5 -1.577457477750346E-002 -1.576928806122270E-002 6 4.337391638236544E-003 4.366176607647797E-003 7 -4.419473156036668E-003 -4.402971037988325E-003
28.059240 -514.332501050946 9.633299941759028E-003 9.641971209309333E-003 1 -1.715027370455759E-002 -1.709772625045825E-002 2 -2.259920088162248E-002 -2.260114836362908E-002 3 -1.406230883928516E-003 -1.501191677919989E-003 4 1.915599287889751E-003 2.011630950670538E-003 5 -1.417481312748511E-002 -1.421130014790392E-002 6 7.643959169915609E-003 7.654599662569027E-003 7 3.627788714510683E-004 3.509980543293966E-004
28.301130 -514.332503962169 1.103951197274962E-002 1.115465580979606E-002 1 -1.352456243504894E-002 -1.351549957108978E-002 2 -1.857553212810291E-002 -1.855852952857733E-002 3 4.671876016026248E-003 4.707145450254716E-003 4 -3.974325575897858E-003 -4.001199692010743E-003 5 -1.168970224798099E-002 -1.191479558498099E-002 6 9.535925810527916E-003 9.756898699616323E-003 7 4.814400071322488E-003 4.814718136163629E-003
28.543020 -514.332511824178 1.158148080353197E-002 1.170090328374709E-002 1 -9.858370736651689E-003 -9.870979952665736E-003 2 -1.452303297050720E-002 -1.453258220004863E-002 3 7.595024325030344E-003 7.612646106978812E-003 4 -6.749934795742443E-003 -6.795116028662284E-003 5 -3.513087245800381E-003 -4.358231629320349E-003 6 5.515808852220912E-003 6.305479712871139E-003 7 9.086777289266938E-003 9.059236236320071E-003
28.784910 -514.332491354614 1.346929884366866E-002 1.281654155302496E-002 1 -6.319820725461292E-003 -6.299356414189037E-003 2 -1.044355829831686E-002 -1.043904960019917E-002 3 8.192317136921352E-003 8.208400081388113E-003 4 -7.034161362228734E-003 -7.034687737229817E-003 5 1.003240476204672E-002 1.158106195674091E-002 6 -4.018255337767191E-003 -5.573778931833227E-003 7 1.313352882546557E-002 1.313273568365599E-002
29.026800 -514.332490741176 1.424210781479096E-002 1.420508170216454E-002 1 -2.640996997126889E-003 -2.600497825689222E-003 2 -6.108299575184207E-003 -6.063834870366920E-003 3 7.672282137288957E-003 7.667315459031591E-003 4 -5.683366190155525E-003 -5.655710057940592E-003 5 1.975293313039201E-002 2.007558764916367E-002 6 -9.405055322454909E-003 -9.699686507500541E-003 7 1.725592130200585E-002 1.727062807608429E-002
29.268690 -514.332490073567 1.523786475963096E-002 1.522917022182325E-002 1 1.260314387903135E-003 1.246327110161272E-003 2 -1.460944774870852E-003 -1.469604509233675E-003 3 6.857495525482554E-003 6.846563471024944E-003 4 -3.304476884971439E-003 -3.314911147383915E-003 5 2.467710756938855E-002 2.474039057756489E-002 6 -9.547833976508468E-003 -9.649819038289225E-003 7 2.151022771089702E-002 2.149554774601336E-002
29.510580 -514.332490719396 1.694148585896058E-002 1.697107677770760E-002 1 5.392246317687211E-003 5.384285604823025E-003 2 3.537151353871394E-003 3.562756669255368E-003 3 6.236998818163995E-003 6.245278719897450E-003 4 -2.855777418898801E-004 -2.778473029344799E-004 5 2.891504584908930E-002 2.895846179931804E-002 6 -8.478907156445019E-003 -8.490890382378264E-003 7 2.591637886292137E-002 2.593344099735091E-002
29.752470 -514.332490566782 1.932954984742671E-002 1.933153456721418E-002 1 9.726279911107026E-003 9.760482328883286E-003 2 8.873767582945830E-003 8.857283272216286E-003 3 6.138057147301266E-003 6.150451250274690E-003 4 3.081625777112647E-003 3.058509026539237E-003 5 3.315771523650656E-002 3.315391608479422E-002 6 -6.905323357284446E-003 -6.953602092968959E-003 7 3.042966985480325E-002 3.040359577245113E-002
29.994360 -514.332491915327 2.231854636181006E-002 2.234315353647998E-002 1 1.416238437573042E-002 1.416336506607790E-002 2 1.444635086353072E-002 1.448357856364771E-002 3 6.810267162326563E-003 6.831876681229473E-003 4 6.482822778260784E-003 6.480944311670082E-003 5 3.742322107299235E-002 3.742959143214696E-002 6 -5.013259487140412E-003 -4.989973240558252E-003 7 3.490066212985989E-002 3.491162709566432E-002
30.236250 -514.332493208305 2.571822325439707E-002 2.572188519468166E-002 1 1.853635192330121E-002 1.856246800824080E-002 2 2.007228943808470E-002 2.006546112251859E-002 3 8.464813710916100E-003 8.502906843170038E-003 4 9.553646295216043E-003 9.514324903839643E-003 5 4.154223775349618E-002 4.153425881336432E-002 6 -2.915683440367801E-003 -2.946336033225897E-003 7 3.909148509348688E-002 3.907422753175464E-002
30.478140 -514.332496601585 2.921467272157109E-002 2.924458108741877E-002 1 2.264253927513447E-002 2.264522373719260E-002 2 2.551740853355797E-002 2.555159124484329E-002 3 1.124887917505722E-002 1.131562820593715E-002 4 1.193024742831120E-002 1.188363274947351E-002 5 4.526735848723452E-002 4.529649998131739E-002 6 -7.057224461182206E-004 -6.958055664936644E-004 7 4.270582620456711E-002 4.274024674911854E-002
30.720030 -514.332500393528 3.247997594468145E-002 3.249461057337768E-002 1 2.625327390387911E-002 2.628037982799128E-002 2 3.051830595713121E-002 3.053522973129143E-002 3 1.514193473780073E-002 1.523649006878460E-002 4 1.336460748238408E-002 1.328104089558721E-002 5 4.831557775896188E-002 4.834064322574964E-002 6 1.565377995497763E-003 1.539775261150523E-003 7 4.537861401140488E-002 4.541152922139698E-002
30.961920 -514.332503660543 3.517248226682335E-002 3.515383505601032E-002 1 2.914800031891807E-002 2.911722436918023E-002 2 3.481443914764616E-002 3.481631435999871E-002 3 1.981807604981821E-002 1.993297112043291E-002 4 1.393135163356675E-002 1.376689628605902E-002 5 5.035551023310284E-002 5.039010624621889E-002 6 4.004109999587373E-003 3.921844225613608E-003 7 4.661188441371453E-002 4.667951706988356E-002
31.203810 -514.332507625981 3.703554009011946E-002 3.701558463406735E-002 1 3.112691156008015E-002 3.113188355546704E-002 2 3.817099488920200E-002 3.818576978049402E-002 3 2.461780131833936E-002 2.477919810798724E-002 4 1.423142802051027E-002 1.398613557947850E-002 5 5.087282291082415E-002 5.100015087611425E-002 6 7.249846524619013E-003 7.013480897089887E-003 7 4.541666969398322E-002 4.564518238497779E-002
31.445700 -514.332512690522 3.784132060316158E-002 3.783101730856219E-002 1 3.202430587715668E-002 3.208212892259564E-002 2 4.039737480457917E-002 4.043595520568063E-002 3 2.872968684910500E-002 2.890606253498599E-002 4 1.587059703930700E-002 1.538422387787075E-002 5 4.852626706759923E-002 4.892929284471810E-002 6 1.347563401463018E-002 1.292460008560870E-002 7 3.934151207451157E-002 3.994106557702624E-002
31.687590 -514.332515957656 3.725457963131126E-002 3.719655032890607E-002 1 3.169750490617239E-002 3.174756370483431E-002 2 4.132819731384718E-002 4.136561291254503E-002 3 3.147658489058634E-002 3.163146621756223E-002 4 2.289445913778867E-002 2.201361311839679E-002 5 3.939504700136910E-002 4.021758134873157E-002 6 2.448294991011821E-002 2.462325712968387E-002 7 2.635217895997636E-002 2.625862358317173E-002
31.929480 -514.332513725622 3.568160953448451E-002 3.554080398696591E-002 1 3.001094079191371E-002 3.003290743373393E-002 2 4.080173234904586E-002 4.083440605051974E-002 3 3.244298592035048E-002 3.256601819954101E-002 4 3.448152894649364E-002 3.561444409435618E-002 5 2.414680331667165E-002 2.299216535004024E-002 6 3.421195559330437E-002 3.506097856123116E-002 7 1.230002520597999E-002 1.149200191063682E-002
32.171370 -514.332518094762 3.264282224352653E-002 3.264304277332792E-002 1 2.693737564660982E-002 2.692640821616578E-002 2 3.880385700876136E-002 3.882804137767168E-002 3 3.155113862448699E-002 3.164208705774486E-002 4 4.096082868780039E-002 4.161203188787144E-002 5 1.219822030121307E-002 1.154773606278721E-002 6 3.635646822341917E-002 3.668401478831845E-002 7 3.501423071348615E-003 3.173092998076692E-003
32.413260 -514.332524820712 2.802496690900778E-002 2.806851607845834E-002 1 2.238918781888203E-002 2.246761709776288E-002 2 3.526058137671977E-002 3.530027411687538E-002 3 2.879048121041114E-002 2.887001913662877E-002 4 3.922907178166744E-002 3.944515063413631E-002 5 6.169987807116996E-003 6.033665085033913E-003 6 3.288328499793421E-002 3.302513834909461E-002 7 -1.889668904257616E-003 -2.011700885716972E-003
32.655150 -514.332531266072 2.192731814208799E-002 2.197123902097059E-002 1 1.631269138667718E-002 1.632765140170904E-002 2 3.011792464621217E-002 3.015368970390174E-002 3 2.418151706008109E-002 2.425362227184912E-002 4 3.370546263369144E-002 3.380373142235959E-002 5 1.236088751747408E-003 1.223429475594303E-003 6 2.652127675258191E-002 2.659572650360812E-002 7 -6.205131411929216E-003 -6.340741484013771E-003
32.897040 -514.332536912812 1.445267099367824E-002 1.449754658795271E-002 1 8.757556177790114E-003 8.793496581766964E-003 2 2.342791112908932E-002 2.346875889386781E-002 3 1.784410795201705E-002 1.791130931028170E-002 4 2.606912620193148E-002 2.613269763102893E-002 5 -4.451779128976251E-003 -4.417918204338859E-003 6 1.829360243175378E-002 1.834164855622362E-002 7 -9.272304145771289E-003 -9.553531213354106E-003
33.138930 -514.332542866705 5.902802733894647E-003 5.979706892758932E-003 1 -1.199918903502459E-004 -7.576442403942501E-006 2 1.535331728363959E-002 1.543992837926730E-002 3 9.983930263184783E-003 1.007787355727363E-002 4 1.688997526223784E-002 1.697381355562555E-002 5 -1.134456870976235E-002 -1.125842101666240E-002 6 8.701198093369325E-003 8.776447405391956E-003 7 -9.241990570417065E-003 -9.662374576931197E-003
33.380820 -514.332544558127 -3.277046289261835E-003 -3.234276438730418E-003 1 -1.002060334252817E-002 -9.999481292597477E-003 2 6.198483452504296E-003 6.223639973923585E-003 3 9.283025443906766E-004 9.694797492560618E-004 4 6.587997320828282E-003 6.627302972497487E-003 5 -1.938676727107792E-002 -1.934466703663462E-002 6 -1.817096293805700E-003 -1.786273323719929E-003 7 -5.353577545082789E-003 -5.323531733951403E-003
33.622710 -514.332544059610 -1.268993993315052E-002 -1.263515646468834E-002 1 -2.045733355007720E-002 -2.040978386585640E-002 2 -3.560179120667771E-003 -3.524985782713839E-003 3 -8.830246370617609E-003 -8.784631512126250E-003 4 -4.314856587787769E-003 -4.279856794597850E-003 5 -2.817950117019319E-002 -2.812739921572324E-002 6 -1.271668080183986E-002 -1.268592561006425E-002 7 -1.634061259916072E-003 -1.083663902850458E-003
33.864600 -514.332538128401 -2.188400152673846E-002 -2.186688147168586E-002 1 -3.073584411941115E-002 -3.075905803428134E-002 2 -1.324221032856171E-002 -1.324395284471950E-002 3 -1.859618226671360E-002 -1.858333345388983E-002 4 -1.511633424158986E-002 -1.510837827995438E-002 5 -3.701437609435883E-002 -3.700168753125056E-002 6 -2.328132016322477E-002 -2.328339696650099E-002 7 -1.950239460590404E-003 -1.621622271696968E-003
34.106490 -514.332529837453 -3.005205090847684E-002 -3.002079584037200E-002 1 -3.994316899431909E-002 -3.989653821121494E-002 2 -2.194844224651042E-002 -2.191182608893684E-002 3 -2.745540095252120E-002 -2.742225037895138E-002 4 -2.489738448230599E-002 -2.487814627808211E-002 5 -4.490216361606297E-002 -4.487108671093872E-002 6 -3.259064219635622E-002 -3.256125420348094E-002 7 -4.998243420740561E-003 -4.792981171464002E-003
34.348380 -514.332516257706 -3.608784614562528E-002 -3.611163130701164E-002 1 -4.700620320347901E-002 -4.703988786520085E-002 2 -2.862974303925675E-002 -2.867229553158884E-002 3 -3.434194771607457E-002 -3.437151473814166E-002 4 -3.258669976711735E-002 -3.261081804616306E-002 5 -5.065452526463491E-002 -5.067460534596038E-002 6 -3.958488941775044E-002 -3.961688112702613E-002 7 -7.888636396784800E-003 -7.830120320844770E-003
34.590270 -514.332502722400 -3.889580604024245E-002 -3.890683842328384E-002 1 -5.084898563812913E-002 -5.081766162639166E-002 2 -3.225354565671920E-002 -3.226131844785475E-002 3 -3.820057655985039E-002 -3.820464213306254E-002 4 -3.711500108962159E-002 -3.713148341517778E-002 5 -5.303383213576172E-002 -5.304415427816540E-002 6 -4.321773086960726E-002 -4.324129534862014E-002 7 -8.700247953890275E-003 -8.638016588596821E-003
34.832160 -514.332489101163 -3.767684894454647E-002 -3.771659705039797E-002 1 -5.066791350299173E-002 -5.071273688752421E-002 2 -3.207824449148707E-002 -3.211566425599835E-002 3 -3.825886716473514E-002 -3.829668670784769E-002 4 -3.767188824997741E-002 -3.771652713695198E-002 5 -5.104606966911453E-002 -5.109414911540013E-002 6 -4.269175866911673E-002 -4.274973902181956E-002 7 -6.520797121722140E-003 -6.485199203705424E-003
35.074050 -514.332480485200 -3.233825128435777E-002 -3.234251923938522E-002 1 -4.628153288748239E-002 -4.628763298026334E-002 2 -2.799467581355557E-002 -2.799537431792155E-002 3 -3.436816727471455E-002 -3.436374173957246E-002 4 -3.405671065014332E-002 -3.406896302507771E-002 5 -4.433536723652330E-002 -4.435262273207326E-002 6 -3.763508173995724E-002 -3.776547583140991E-002 7 -1.596223169341647E-003 -1.445009772374358E-003
35.315940 -514.332480469078 -2.391281203272753E-002 -2.382044324684484E-002 1 -3.843324096878685E-002 -3.841472228278027E-002 2 -2.079764131351065E-002 -2.079981165472623E-002 3 -2.728408313736240E-002 -2.728560752670800E-002 4 -2.695531853351224E-002 -2.696468427902406E-002 5 -3.351803593701926E-002 -3.353878648295706E-002 6 -2.624014429810365E-002 -2.745152274774922E-002 7 2.451790459970376E-003 3.717465807440780E-003
35.557830 -514.332483431192 -1.313807572366151E-002 -1.305797499587244E-002 1 -2.880768261415756E-002 -2.884939598781694E-002 2 -1.216269466830772E-002 -1.218887086629484E-002 3 -1.865816452907518E-002 -1.867319459684910E-002 4 -1.794221564163020E-002 -1.796780388894986E-002 5 -2.026701156853741E-002 -2.031712262106480E-002 6 -2.339162615749752E-003 -1.978451968361156E-003 7 -4.100212358108868E-003 -4.471016659018318E-003
35.799720 -514.332481385240 -3.947119306495498E-003 -4.085598405128397E-003 1 -1.938748641543479E-002 -1.935681606482147E-002 2 -4.006633972066161E-003 -4.010271221172179E-003 3 -1.041049633816914E-002 -1.041660974503638E-002 4 -8.866804234404432E-003 -8.888664250082681E-003 5 -6.728754590464264E-003 -6.760530517240068E-003 6 1.837222152553846E-002 1.915000883422423E-002 7 -9.476505324254899E-003 -1.019191187891480E-002
36.041610 -514.332488327170 2.793072368844196E-003 2.776701572734601E-003 1 -1.201959912536602E-002 -1.204053253319181E-002 2 1.957175173604803E-003 1.934061460225085E-003 3 -4.272327480089527E-003 -4.281430945321821E-003 4 -1.400839361150683E-003 -1.427002565097610E-003 5 4.880061109006870E-003 4.855787309617972E-003 6 2.467874989866805E-002 2.475488623888098E-002 7 -5.654733569189317E-003 -5.745256650295238E-003
36.283500 -514.332497179091 5.929672132828740E-003 5.934650742081471E-003 1 -7.724625603578671E-003 -7.704660834117068E-003 2 4.852445584290880E-003 4.867875340352786E-003 3 -1.159687891596638E-003 -1.140826515804415E-003 4 3.612465053182406E-003 3.584707168927863E-003 5 1.299236325992369E-002 1.300249170956097E-002 6 2.542896312694305E-002 2.545822399273268E-002 7 -2.778671189160871E-003 -2.800990753727025E-003
36.525390 -514.332502515496 5.364505973608016E-003 5.309718006815318E-003 1 -6.604389126908224E-003 -6.663418718653771E-003 2 4.696343836722100E-003 4.649941617796490E-003 3 -1.095626645935802E-003 -1.135207705908140E-003 4 6.239036929891666E-003 6.149542096735772E-003 5 1.698324760322254E-002 1.696393278361761E-002 6 2.287291778539511E-002 2.283355498045113E-002 7 -2.627328068135832E-003 -2.684705149098128E-003
36.767280 -514.332506712893 1.689954482695943E-003 1.646166577658729E-003 1 -8.152157772718781E-003 -8.156883920309646E-003 2 2.078295846947924E-003 2.050989966875849E-003 3 -3.518633294993986E-003 -3.550019618204393E-003 4 7.128387338400224E-003 7.045357133155325E-003 5 1.707629813034224E-002 1.710645274946001E-002 6 1.798223010153935E-002 1.797643265542136E-002 7 -4.829625836420630E-003 -4.870201793939994E-003
37.009170 -514.332507021868 -4.157831861042617E-003 -4.237105183071815E-003 1 -1.158084135237605E-002 -1.166187587058162E-002 2 -2.166046689839557E-003 -2.227533162235116E-003 3 -7.608359504513617E-003 -7.654987577002488E-003 4 7.145328834925841E-003 7.023099711680573E-003 5 1.406729638041699E-002 1.405215868642633E-002 6 1.151343726992171E-002 1.144158845878118E-002 7 -8.625525922187214E-003 -8.686968344674946E-003
37.251060 -514.332506814620 -1.122088167083082E-002 -1.126616027005595E-002 1 -1.607260486041236E-002 -1.609308294521055E-002 2 -7.191743138954092E-003 -7.203195555203845E-003 3 -1.250046258574693E-002 -1.252784610873379E-002 4 7.036017855817930E-003 6.936755840985557E-003 5 8.925840463953179E-003 8.949142255978627E-003 6 4.105559025925121E-003 4.080919918441088E-003 7 -1.323309692888578E-002 -1.326811756336125E-002
37.492950 -514.332504277466 -1.873055154951613E-002 -1.878645896251524E-002 1 -2.092105075297576E-002 -2.097348232806298E-002 2 -1.227764592515579E-002 -1.234128783573305E-002 3 -1.722646488688918E-002 -1.738186680715986E-002 4 7.015609930265226E-003 7.008174322186048E-003 5 2.547757860862534E-003 2.535158763517167E-003 6 -3.646214870660545E-003 -3.703820548852354E-003 7 -1.799342601304443E-002 -1.804687143319559E-002
37.734840 -514.332586869893 -2.610016096974691E-002 -2.424290885187680E-002 1 -2.556701426617774E-002 -2.561754889244421E-002 2 -1.685913576711970E-002 -1.692660867831844E-002 3 -1.289773132538127E-002 -1.736452847603714E-002 4 -1.138361355467069E-003 3.188203602301952E-003 5 -4.254150950852371E-003 -4.269663783148955E-003 6 -1.120568246136844E-002 -1.126727073696698E-002 7 -2.239102990923078E-002 -2.245580700765234E-002
37.976730 -514.332535938589 -2.795247830207589E-002 -2.910793697090263E-002 1 -2.945996671714946E-002 -2.946920321900422E-002 2 -2.025788757077368E-002 -2.025589697330188E-002 3 1.942046497785050E-003 5.371651201040646E-003 4 -1.832725369219920E-002 -2.177958757679799E-002 5 -1.061531304645278E-002 -1.062259619620587E-002 6 -1.809841994362085E-002 -1.812957614905887E-002 7 -2.593669545659682E-002 -2.595093270188445E-002
38.218620 -514.332534720888 -3.426990135033114E-002 -3.425478574506716E-002 1 -3.243509410133359E-002 -3.248714166955165E-002 2 -2.306372601817175E-002 -2.308909498208484E-002 3 1.087307413270216E-002 1.091337571843287E-002 4 -2.874386638211484E-002 -2.883400307555694E-002 5 -1.615479093797502E-002 -1.618378921556747E-002 6 -2.421210265862384E-002 -2.425560001616714E-002 7 -2.848415076782620E-002 -2.851242728080396E-002
38.460510 -514.332531177364 -3.657042539122757E-002 -3.659070582478766E-002 1 -3.430826851336236E-002 -3.432066565168283E-002 2 -2.424986674529589E-002 -2.426837456605127E-002 3 1.264357645619178E-002 1.263489649381079E-002 4 -3.078230839813044E-002 -3.079009039624738E-002 5 -2.030038816041440E-002 -2.032456264817294E-002 6 -2.921532824347724E-002 -2.924107153314638E-002 7 -2.989138962941089E-002 -2.990398232020723E-002
38.702400 -514.332526447599 -3.618409973059369E-002 -3.623488457139379E-002 1 -3.480968293486043E-002 -3.484289618762929E-002 2 -2.379369543829365E-002 -2.381914465599393E-002 3 1.388170204651888E-002 1.387410271067377E-002 4 -3.104036962819368E-002 -3.104749477204240E-002 5 -2.273466920955451E-002 -2.276061501201889E-002 6 -3.296324748084187E-002 -3.300835607754406E-002 7 -2.997807305373573E-002 -2.998555812527946E-002
38.944290 -514.332521261928 -3.319991243022324E-002 -3.327292214206985E-002 1 -3.381800719079929E-002 -3.386180698407266E-002 2 -2.165698678467544E-002 -2.168319143237943E-002 3 1.484833165150950E-002 1.482790588537149E-002 4 -2.970490167421328E-002 -2.971643372204752E-002 5 -2.333956828588669E-002 -2.336892650386684E-002 6 -3.538096808262281E-002 -3.541239404133507E-002 7 -2.867413950911291E-002 -2.869392500068146E-002
39.186180 -514.332518426607 -2.796174666994798E-002 -2.798083969826582E-002 1 -3.132052017435556E-002 -3.124055312668057E-002 2 -1.793391625287346E-002 -1.787937462676017E-002 3 1.565267217079449E-002 1.570093761172455E-002 4 -2.688024467691192E-002 -2.683863843375283E-002 5 -2.215348478971193E-002 -2.212320544267590E-002 6 -3.647243912146619E-002 -3.642699952569022E-002 7 -2.600251366846284E-002 -2.597167937927464E-002
39.428070 -514.332514892802 -2.110115161884949E-002 -2.115602769876319E-002 1 -2.746167681963015E-002 -2.746166466441898E-002 2 -1.290122660693246E-002 -1.289663895151098E-002 3 1.636955518327543E-002 1.635817771221216E-002 4 -2.280576508905796E-002 -2.280758075612743E-002 5 -1.938295116137671E-002 -1.938040661681044E-002 6 -3.633451939703781E-002 -3.634073913776437E-002 7 -2.212702683452982E-002 -2.213174325620623E-002
39.669960 -514.332511600256 -1.355255386006089E-002 -1.361479842710963E-002 1 -2.254798721109881E-002 -2.261081521391983E-002 2 -7.000553406234965E-003 -7.005369172142201E-003 3 1.703203538829069E-002 1.698131653200742E-002 4 -1.786519089650455E-002 -1.787310235175107E-002 5 -1.537361742653846E-002 -1.538112984250295E-002 6 -3.514673801015514E-002 -3.519959510566287E-002 7 -1.736677105773299E-002 -1.737451447078157E-002
39.911850 -514.332509341472 -6.201476837044292E-003 -6.241893576600130E-003 1 -1.699196186134323E-002 -1.697288445772544E-002 2 -7.376770016174425E-004 -7.331814067186614E-004 3 1.763103627426739E-002 1.764275770732513E-002 4 -1.251283513738793E-002 -1.252938085236386E-002 5 -1.055516393281309E-002 -1.056749081573530E-002 6 -3.313674993591741E-002 -3.314298167628546E-002 7 -1.215012368696652E-002 -1.216511034329382E-002
40.153740 -514.332508437531 2.525087811531092E-004 2.492810786488572E-004 1 -1.117980938778370E-002 -1.115420824243239E-002 2 5.479172456629447E-003 5.497808800288137E-003 3 1.814920741203037E-002 1.815037870778162E-002 4 -7.135734395456645E-003 -7.108968475511169E-003 5 -5.330991593500456E-003 -5.312618035793089E-003 6 -3.048137278107936E-002 -3.050327627537257E-002 7 -6.875078779449682E-003 -6.856772324892449E-003
40.395630 -514.332507843448 5.538173866196382E-003 5.540411565715098E-003 1 -5.354508997190217E-003 -5.333110665214862E-003 2 1.144900994347260E-002 1.148126057417159E-002 3 1.858459913725580E-002 1.856794051927849E-002 4 -1.952935477278202E-003 -1.942019615019411E-003 5 2.810567115122992E-005 3.484808792098977E-005 6 -2.723926422683760E-002 -2.722752102702823E-002 7 -1.797338932063423E-003 -1.781312416205448E-003
40.637520 -514.332508215721 9.831721217990676E-003 9.862248787268371E-003 1 4.225691440732024E-004 4.531671892124875E-004 2 1.719216859970550E-002 1.722439633977775E-002 3 1.896854496298081E-002 1.898888449969474E-002 4 3.001881688364948E-003 3.031334725202479E-003 5 5.397931324148457E-003 5.419138347130032E-003 6 -2.332683316798122E-002 -2.334030030030457E-002 7 3.009484352414673E-003 3.022574616669214E-003
40.879410 -514.332508478518 1.357871929951804E-002 1.359974832423541E-002 1 6.225421432833630E-003 6.267310806706738E-003 2 2.287351278892862E-002 2.285689850204494E-002 3 1.937773395900450E-002 1.938316420908527E-002 4 7.803126029982171E-003 7.801829346754339E-003 5 1.075814750331088E-002 1.075228848821055E-002 6 -1.857061946869968E-002 -1.859475409957960E-002 7 7.633834712983823E-003 7.639950464637936E-003
41.121300 -514.332509048574 1.729531823503815E-002 1.731743298013988E-002 1 1.213787373621042E-002 1.209426128561662E-002 2 2.865681417813684E-002 2.866072966699363E-002 3 1.991483117811572E-002 1.988512739659317E-002 4 1.249264251020399E-002 1.249960617301899E-002 5 1.609996339701388E-002 1.609798260204983E-002 6 -1.282597890348778E-002 -1.288630322911440E-002 7 1.222039798767892E-002 1.222610470297331E-002
41.363190 -514.332510251566 2.120104365958249E-002 2.123156020553936E-002 1 1.814282275937121E-002 1.819581728584179E-002 2 3.456247956047748E-002 3.457288303013397E-002 3 2.069621931185029E-002 2.070586044688452E-002 4 1.696480718452535E-002 1.697288568419746E-002 5 2.132695102852204E-002 2.131892276723825E-002 6 -6.092925521943263E-003 -6.076980215521739E-003 7 1.686732087388979E-002 1.687613678680634E-002
41.605080 -514.332511681727 2.520880516038572E-002 2.523377896426988E-002 1 2.408378036512565E-002 2.406757423430889E-002 2 4.044076285878436E-002 4.042943680195126E-002 3 2.185100630683931E-002 2.184523732848884E-002 4 2.094582046723464E-002 2.094961325807246E-002 5 2.624780820815596E-002 2.625398707608661E-002 6 1.439565424884838E-003 1.393296229357886E-003 7 2.157721150921526E-002 2.158602662598216E-002
41.846970 -514.332513032356 2.894588417122426E-002 2.895790809178991E-002 1 2.969766531698548E-002 2.972414311136110E-002 2 4.601579065166186E-002 4.601142663096917E-002 3 2.349836115018994E-002 2.350995017098035E-002 4 2.404170224501946E-002 2.403733085927668E-002 5 3.062211024384879E-002 3.060838672032576E-002 6 9.428654457783375E-003 9.414909929142932E-003 7 2.624741891933290E-002 2.624659605044084E-002
42.088860 -514.332514757764 3.217990538376885E-002 3.219410231831910E-002 1 3.469970874509950E-002 3.470719056348450E-002 2 5.097605334267736E-002 5.097307856065335E-002 3 2.574981533356958E-002 2.578171475388991E-002 4 2.585663004632645E-002 2.585278613075104E-002 5 3.422344447409783E-002 3.421456276076383E-002 6 1.745335038885824E-002 1.743569991715804E-002 7 3.071221382224913E-002 3.071744986032317E-002
42.330750 -514.332516622291 3.495366778084700E-002 3.496115533877183E-002 1 3.885284784526044E-002 3.887056338305271E-002 2 5.505179496561894E-002 5.505966737208191E-002 3 2.866325155709648E-002 2.868418242266304E-002 4 2.613351462158624E-002 2.612121586858496E-002 5 3.687518359616510E-002 3.687093436086734E-002 6 2.509446230968092E-002 2.511674341043131E-002 7 3.478333178795634E-002 3.478609231246873E-002
42.572640 -514.332519171417 3.746957610587744E-002 3.748039335005616E-002 1 4.198422913844548E-002 4.202241327254095E-002 2 5.803415104995896E-002 5.802891139505609E-002 3 3.215092400895415E-002 3.222278305050420E-002 4 2.486789072319544E-002 2.484393058389169E-002 5 3.843759306679916E-002 3.844819996802844E-002 6 3.196998966999760E-002 3.200463612257996E-002 7 3.825325636426159E-002 3.826270976786886E-002
42.814530 -514.332521287662 3.983279453689062E-002 3.981485681893183E-002 1 4.397322561885889E-002 4.395938482222624E-002 2 5.978054337569377E-002 5.979460862690227E-002 3 3.591014754501629E-002 3.598521232981691E-002 4 2.235277824791237E-002 2.228362786819689E-002 5 3.878042699824687E-002 3.877893236075156E-002 6 3.771759503531638E-002 3.775288603471056E-002 7 4.090123208835269E-002 4.089666015297046E-002
43.056420 -514.332524143603 4.176788620613531E-002 4.175156234932158E-002 1 4.475091667620210E-002 4.478306686055045E-002 2 6.021100156833418E-002 6.020376826334126E-002 3 3.942438620359701E-002 3.952844282986014E-002 4 1.915504747506189E-002 1.905826351405321E-002 5 3.776039644250671E-002 3.776957483786147E-002 6 4.200840265760643E-002 4.205755413972165E-002 7 4.250478809694793E-002 4.250471595641038E-002
43.298310 -514.332528368229 4.274038663244627E-002 4.274355821900839E-002 1 4.429464491284010E-002 4.429759394452744E-002 2 5.930691118734112E-002 5.931319425673807E-002 3 4.210444055374334E-002 4.223379158862925E-002 4 1.595953449998917E-002 1.585986266485599E-002 5 3.522426957600595E-002 3.525452618323330E-002 6 4.463028741296737E-002 4.467377046446896E-002 7 4.287384117315568E-002 4.288659492641071E-002
43.540200
