#t 0-1 0-2 0-3 0-4 0-5 0-6 1-2 1-3 1-4 1-5 1-6 2-3 2-4 2-5 2-6 3-4 3-5 3-6 4-5 4-6 5-6
.241890 0.0647009 0.158885 0.290151 0.349796 0.31582 0.152922 0.863506 0.262963 0.269402 0.278683 0.271115 0.813518 1.69853 0.784861 0.112343 1.48263 0.495957 1.04169 2.3904 0.785956 1.49383
.483780 0.0569803 0.154187 0.291917 0.345676 0.321433 0.153148 0.853003 0.264137 0.298687 0.259901 0.26738 0.768735 1.69931 0.78332 0.108693 1.72319 0.500617 1.10568 2.22868 0.814294 1.66658
.725670 0.0517078 0.151205 0.294952 0.345705 0.323248 0.154394 0.839109 0.265795 0.317893 0.247349 0.264713 0.735172 1.70103 0.795235 0.107257 2.00056 0.507344 1.17601 2.12134 0.857836 1.82025
.967560 0.0484301 0.150212 0.29754 0.349408 0.321549 0.156462 0.837515 0.267142 0.31709 0.241669 0.262998 0.712905 1.71253 0.821365 0.108215 2.29893 0.515596 1.25339 2.06477 0.913735 1.93239
1.209450 0.0463265 0.15118 0.298985 0.356264 0.316305 0.159108 0.845825 0.268342 0.296325 0.240302 0.262189 0.697998 1.72974 0.862433 0.111591 2.59997 0.524993 1.33766 2.06036 0.977251 1.98482
1.451340 0.0446715 0.154072 0.29939 0.366087 0.306864 0.162225 0.849084 0.270338 0.261042 0.239927 0.262149 0.680672 1.73877 0.918501 0.11738 2.8837 0.536039 1.42736 2.11295 1.04227 1.98128
1.693230 0.043026 0.158553 0.299086 0.379063 0.292037 0.16576 0.83724 0.273909 0.218736 0.237581 0.26299 0.648831 1.71995 0.988292 0.125037 3.12898 0.550473 1.51986 2.2284 1.10037 1.94384
1.935120 0.0413102 0.164765 0.298242 0.395573 0.269874 0.169805 0.808502 0.278819 0.176609 0.231163 0.265055 0.595486 1.65451 1.0678 0.133539 3.32489 0.571178 1.61119 2.40221 1.14311 1.90375
2.177010 0.0396162 0.172626 0.297487 0.415426 0.238066 0.174266 0.766767 0.284047 0.144069 0.219579 0.268516 0.526869 1.53578 1.14588 0.142169 3.48391 0.598955 1.69646 2.59267 1.16177 1.88351
2.418900 0.0381587 0.18233 0.296788 0.436303 0.195765 0.179379 0.715211 0.288555 0.12924 0.203193 0.273811 0.467724 1.39097 1.20159 0.151242 3.6763 0.629284 1.7704 2.67631 1.15306 1.89121
2.660790 0.0369368 0.194091 0.297034 0.453278 0.148051 0.184952 0.65738 0.292116 0.132007 0.184657 0.280984 0.455159 1.2991 1.20838 0.162859 4.06704 0.647539 1.83051 2.49103 1.12571 1.90782
2.902680 0.0360935 0.208412 0.299507 0.46095 0.109182 0.19068 0.596289 0.295497 0.141248 0.170338 0.289459 0.527263 1.35969 1.15632 0.180155 4.96331 0.636421 1.8766 2.02953 1.10771 1.86848
3.144570 0.0355556 0.22636 0.307301 0.456201 0.0960526 0.196176 0.533668 0.300097 0.148169 0.167385 0.298203 0.732729 1.60626 1.06799 0.205019 6.96445 0.597138 1.90279 1.49147 1.14869 1.66114
3.386460 0.0354951 0.24984 0.326832 0.43477 0.107669 0.200875 0.470121 0.306539 0.152812 0.178625 0.305317 1.20432 1.98264 0.982969 0.237476 11.0185 0.568133 1.87155 1.05228 1.32108 1.20916
3.628350 0.0356594 0.282282 0.361141 0.388986 0.12838 0.204225 0.404891 0.311194 0.167143 0.201231 0.308661 2.19194 2.30517 0.932651 0.278683 15.3853 0.620781 1.69307 0.744312 1.68401 0.987177
3.870240 0.0360135 0.328064 0.37983 0.336039 0.148748 0.206251 0.335303 0.312593 0.196094 0.229207 0.307601 3.64199 2.41007 0.924368 0.337935 13.6054 0.759943 1.40482 0.566104 2.08145 1.81843
4.112130 0.0365504 0.387866 0.35547 0.303567 0.165526 0.207382 0.258748 0.322241 0.21756 0.256631 0.303425 4.81419 2.50084 0.932937 0.427269 10.4768 0.980167 1.22153 0.551117 2.35495 2.83342
4.354020 0.0374082 0.44835 0.30539 0.282318 0.177879 0.20821 0.181369 0.338064 0.223522 0.279431 0.297923 4.5245 2.63672 0.918474 0.531825 11.4003 1.32458 1.2185 0.646774 2.51731 3.49417
4.595910 0.0382882 0.49097 0.278494 0.248053 0.185617 0.209299 0.121587 0.359562 0.203669 0.295394 0.292583 2.78418 2.75017 0.877257 0.60827 20.2324 1.74231 1.59311 0.929656 2.43826 3.69372
4.837800 0.0395033 0.515025 0.304646 0.171432 0.187962 0.211286 0.0882779 0.378469 0.180272 0.302468 0.288468 1.30825 2.41855 0.830715 0.639038 20.2903 1.7678 2.44246 1.95833 1.652 3.52151
5.079690 0.0408775 0.528574 0.312278 0.139456 0.182591 0.214691 0.0757881 0.374381 0.214471 0.29746 0.286476 1.45317 1.58057 0.779249 0.633655 6.41775 1.44347 2.71843 3.06941 0.905751 3.14928
5.321580 0.0423404 0.536782 0.309991 0.151207 0.166618 0.219568 0.0751439 0.377525 0.250554 0.276801 0.287548 1.6222 1.0534 0.703934 0.60415 2.16889 1.15971 2.62466 3.60782 0.534126 2.73585
5.563470 0.0439969 0.541812 0.306782 0.173489 0.14191 0.217884 0.079551 0.384213 0.286109 0.243853 0.289654 1.71857 0.832612 0.600715 0.516374 0.888 0.871657 2.30445 3.27613 0.343558 2.6974
5.805360 0.0454093 0.544548 0.303221 0.192022 0.116809 0.130295 0.0859888 0.390478 0.313958 0.210343 0.163618 1.79098 0.777989 0.498403 0.299874 0.518009 0.613907 0.320693 2.54159 0.46049 3.50084
6.047250 0.0469256 0.545415 0.299268 0.204402 0.0980129 0.126387 0.0931353 0.394986 0.332452 0.184614 0.156234 1.85223 0.780829 0.42173 0.301572 0.451297 0.4215 0.173582 1.94462 0.539074 4.08828
6.289140 0.0485609 0.544917 0.294991 0.212248 0.0880649 0.125475 0.100477 0.397607 0.343814 0.168722 0.157736 1.9046 0.796229 0.374195 0.302913 0.442331 0.291403 0.132318 1.57557 0.615739 5.1845
6.531030 0.0502894 0.543473 0.290628 0.217137 0.0873127 0.125988 0.107895 0.398589 0.350266 0.162322 0.163553 1.94855 0.810994 0.351048 0.310117 0.434836 0.209527 0.110377 1.37126 0.691184 7.60489
6.772920 0.0520689 0.541422 0.286503 0.220044 0.100961 0.122018 0.115628 0.398208 0.353236 0.171342 0.166155 1.9839 0.820712 0.354666 0.317271 0.423203 0.164298 0.08842 1.30105 0.740061 16.57
7.014810 0.0537828 0.53897 0.282891 0.22162 0.158016 0.0552972 0.123956 0.39678 0.353621 0.226983 0.115757 2.01194 0.824858 0.4135 0.28586 0.410587 0.132009 0.0861168 1.28367 0.886284 19.0639
7.256700 0.0556644 0.536256 0.280067 0.222126 0.164151 0.0732204 0.133392 0.394512 0.352075 0.244561 0.133161 2.03475 0.823536 0.456253 0.31022 0.400122 0.113127 0.0884795 1.44812 0.995688 6.32582
7.498590 0.0578887 0.533337 0.278258 0.221592 0.177473 0.0805348 0.144458 0.391339 0.348487 0.276966 0.137992 2.05449 0.81611 0.542819 0.319547 0.394881 0.118403 0.0800727 1.97615 0.991951 3.45932
7.740480 0.060271 0.529891 0.277705 0.218811 0.195806 0.0845762 0.158073 0.387183 0.340379 0.319401 0.140186 2.07563 0.798857 0.677176 0.327478 0.398375 0.142178 0.07526 3.25669 0.973412 2.28998
7.982370 0.0627387 0.52572 0.278653 0.20252 0.227666 0.0866732 0.175439 0.381863 0.303865 0.387328 0.141106 2.10223 0.741964 0.90156 0.336009 0.418257 0.191083 0.0733978 9.50166 0.900714 1.71807
8.224260 0.0652129 0.520221 0.281328 0.195135 0.249703 0.0871077 0.198662 0.375299 0.329865 0.402103 0.141061 2.13812 1.09674 0.865966 0.347212 0.395862 0.397765 0.0744428 11.3198 1.17584 1.13759
8.466150 0.067805 0.512258 0.285878 0.232553 0.235397 0.0860466 0.231842 0.367467 0.40225 0.370845 0.140188 2.17941 1.70775 0.790256 0.365463 0.780635 0.44209 0.0774483 3.57624 0.998832 1.05836
8.708040 0.0703494 0.49865 0.292596 0.262409 0.231808 0.0837283 0.285384 0.359603 0.434794 0.362786 0.138738 2.21172 2.97216 0.736029 0.401212 3.10187 0.489284 0.0810898 2.1573 0.83394 1.04762
8.949930 0.0728125 0.466851 0.315703 0.29923 0.229621 0.0805099 0.386595 0.432389 0.342197 0.358264 0.137116 6.30939 2.01921 0.666579 0.480517 5.15779 1.6001 0.672488 0.497195 0.101496 1.05115
9.191820 0.0750195 0.384323 0.409111 0.30948 0.227618 0.0769187 0.554519 0.310837 0.332859 0.354672 0.135939 9.98634 1.53583 0.645889 0.608643 3.04336 1.28498 0.45558 0.55261 0.105053 1.06658
9.433710 0.0764873 0.30915 0.465205 0.320394 0.225375 0.0737386 0.67324 0.172387 0.320748 0.351205 0.136043 6.0574 0.98688 0.662294 0.650311 3.11614 1.06866 0.300528 0.59879 0.118514 1.0978
9.675600 0.0776085 0.289099 0.47408 0.331896 0.222738 0.0720017 0.743394 0.142583 0.308226 0.347439 0.138512 3.26899 0.750845 0.612107 0.634358 3.23263 0.951032 0.275525 0.641094 0.13935 1.15296
9.917490 0.0779752 0.28832 0.470451 0.343248 0.21946 0.07316 0.806714 0.153226 0.29593 0.342952 0.144731 2.10542 0.648187 0.544731 0.617901 3.34278 0.878514 0.29431 0.677208 0.171228 1.24571
10.159380 0.0777159 0.292851 0.463853 0.353938 0.215279 0.0788582 0.869964 0.168276 0.284479 0.337261 0.156337 1.54476 0.593971 0.479532 0.610716 3.43424 0.823324 0.331953 0.704382 0.21916 1.39894
10.401270 0.0766559 0.298869 0.456714 0.363229 0.209576 0.0905115 0.932247 0.180984 0.27439 0.329442 0.174937 1.23349 0.561263 0.418097 0.61361 3.49796 0.775701 0.386471 0.719232 0.289813 1.65002
10.643160 0.075114 0.305014 0.449984 0.370555 0.201445 0.109012 0.990711 0.190387 0.26625 0.318289 0.201983 1.04569 0.539718 0.358088 0.626282 3.52868 0.733924 0.460166 0.720383 0.390689 2.05908
10.885050 0.0734329 0.310645 0.444182 0.375454 0.189317 0.134498 1.04163 0.19668 0.260659 0.301522 0.238118 0.929436 0.52493 0.29849 0.647021 3.5246 0.703106 0.554855 0.716315 0.529287 2.70571
11.126940 0.0719329 0.31523 0.439488 0.377361 0.171376 0.166028 1.08062 0.200564 0.258236 0.276687 0.28213 0.861497 0.515011 0.250915 0.670416 3.48477 0.708406 0.666056 0.762016 0.704653 3.58695
11.368830 0.0711481 0.318492 0.435861 0.375393 0.150257 0.198938 1.10383 0.203004 0.260167 0.245973 0.327269 0.831892 0.509688 0.262897 0.682888 3.40541 0.819925 0.771237 1.04017 0.887133 4.29862
11.610720 0.071302 0.320184 0.432776 0.367872 0.144123 0.224186 1.10831 0.206038 0.268331 0.224758 0.361046 0.839375 0.510489 0.359571 0.671063 3.27852 1.1234 0.835228 1.81423 1.01424 4.13586
11.852610 0.0722748 0.320361 0.429151 0.350574 0.174818 0.237419 1.09333 0.213447 0.286504 0.222715 0.377806 0.891586 0.524621 0.482029 0.642459 3.10827 1.63053 0.849815 3.32826 1.0606 3.31193
12.094500 0.0737469 0.319233 0.422597 0.315238 0.238874 0.24268 1.05985 0.232295 0.319078 0.219402 0.383703 1.01052 0.574101 0.581148 0.614671 3.01022 2.24224 0.835679 5.50914 1.06504 2.54743
12.336390 0.0754552 0.317304 0.408552 0.2649 0.309593 0.244336 1.01061 0.27209 0.357691 0.197309 0.385173 1.24313 0.687585 0.623873 0.595378 3.36292 2.60598 0.808066 6.24441 1.07386 2.04639
12.578280 0.0767707 0.315123 0.383074 0.245233 0.351901 0.244812 0.949155 0.336745 0.376882 0.176457 0.385409 1.66859 0.834188 0.618729 0.584651 3.96203 2.43481 0.774809 4.59394 1.07365 1.75748
12.820170 0.0774672 0.313524 0.3476 0.267371 0.366872 0.244923 0.878286 0.415689 0.372822 0.169606 0.385773 2.392 0.969906 0.604259 0.578503 3.96097 1.99388 0.747452 3.41485 1.05599 1.60581
13.062060 0.0775038 0.313409 0.310099 0.29708 0.370316 0.245119 0.800871 0.493291 0.359985 0.169013 0.386903 3.46908 1.09973 0.588796 0.570615 3.44743 1.58871 0.741428 3.08223 1.03747 1.52834
13.303950 0.0770425 0.314343 0.276013 0.31945 0.369521 0.245507 0.723395 0.556592 0.348968 0.169843 0.389081 4.53117 1.2153 0.562774 0.551926 2.94458 1.33213 0.770961 3.00475 1.02302 1.48972
13.545840 0.0764703 0.313136 0.24936 0.334193 0.367233 0.246213 0.664958 0.587986 0.343169 0.170715 0.392626 4.56848 1.26282 0.519466 0.521073 2.80946 1.22982 0.840605 2.96846 1.0122 1.47546
13.787730 0.0764756 0.308139 0.231938 0.343299 0.364386 0.247305 0.641938 0.578876 0.343323 0.171472 0.39778 3.56781 1.21187 0.468186 0.490609 3.42118 1.25422 0.949015 2.94002 1.0026 1.47949
14.029620 0.0773005 0.301663 0.223358 0.346178 0.361223 0.248892 0.644861 0.538801 0.352766 0.172216 0.404767 2.54468 1.07552 0.424572 0.46927 6.70524 1.36923 1.11441 2.94218 0.983181 1.50037
14.271510 0.0791518 0.295753 0.337279 0.230866 0.357679 0.25104 0.657237 0.371679 0.47902 0.173179 0.414027 1.60437 1.33196 0.398347 0.456517 31.6101 2.18892 1.19806 2.65789 1.14855 1.54527
14.513400 0.0823111 0.290572 0.358858 0.189055 0.351964 0.253809 0.671299 0.353765 0.440678 0.175205 0.425825 1.1654 1.19525 0.397316 0.451141 4.68394 2.56313 1.08726 3.29539 1.60427 1.64549
14.755290 0.0862101 0.286368 0.361306 0.191596 0.336978 0.256772 0.683673 0.36301 0.373263 0.182225 0.440199 1.07524 0.899058 0.443091 0.452697 2.36994 2.41611 1.09066 6.84198 2.03912 1.94784
14.997180 0.0901292 0.282808 0.363242 0.24948 0.28161 0.258054 0.694381 0.371958 0.291728 0.199932 0.454248 1.03427 0.614361 0.5466 0.461192 2.16602 1.85982 1.09626 12.6773 2.13744 2.84687
15.239070 0.0934155 0.279684 0.36503 0.302823 0.210849 0.252523 0.70401 0.379483 0.235141 0.193393 0.458072 1.01881 0.427695 0.551365 0.471227 2.37496 1.11744 1.05849 8.77975 1.76329 3.63102
15.480960 0.0951949 0.277071 0.367012 0.317326 0.188759 0.236065 0.713139 0.384861 0.216567 0.198752 0.44324 1.02333 0.371486 0.496365 0.467002 2.39328 0.762435 0.92612 5.59496 1.54898 3.15313
15.722850 0.0953198 0.274989 0.369108 0.31985 0.191955 0.233386 0.721715 0.388012 0.210975 0.230632 0.386528 1.0453 0.355581 0.460888 0.334135 2.34631 0.696567 0.921131 4.49243 2.68262 1.45535
15.964740 0.0940983 0.27352 0.371167 0.318948 0.199234 0.246229 0.72873 0.390023 0.209797 0.260828 0.325477 1.08339 0.350728 0.447234 0.251555 2.27794 0.725986 1.09458 4.19963 3.15168 1.03507
16.206630 0.091462 0.272817 0.373025 0.316736 0.205025 0.254611 0.733073 0.391594 0.210687 0.282061 0.318591 1.13902 0.349781 0.446485 0.248738 2.20098 0.766277 1.11958 4.26495 3.34624 0.996895
16.448520 0.0877496 0.273205 0.374652 0.314007 0.208904 0.262954 0.7334 0.393361 0.212878 0.295906 0.318733 1.21499 0.351191 0.453798 0.254212 2.12112 0.798813 1.12913 4.52833 3.57867 0.985042
16.690410 0.0832586 0.275043 0.375851 0.311005 0.211274 0.27159 0.728061 0.396217 0.216057 0.304476 0.32064 1.31574 0.355481 0.467623 0.263593 2.03982 0.821883 1.1353 4.93557 3.90145 1.00398
16.932300 0.0783379 0.278897 0.376307 0.307649 0.212543 0.280642 0.715628 0.401228 0.22018 0.30898 0.322861 1.44655 0.364634 0.487824 0.276572 1.95931 0.836394 1.14016 5.47708 4.3779 1.0755
17.174190 0.0731699 0.285432 0.375445 0.303628 0.213034 0.290354 0.694522 0.409487 0.225449 0.309999 0.324621 1.61166 0.381628 0.515114 0.293818 1.88216 0.844039 1.14395 6.17994 5.104 1.24218
17.416080 0.0682233 0.29549 0.372399 0.298395 0.212989 0.301073 0.663723 0.422198 0.23227 0.307524 0.325515 1.81023 0.410002 0.550262 0.315827 1.81078 0.847441 1.14601 7.13204 6.24003 1.60375
17.657970 0.0637019 0.309971 0.366096 0.291289 0.212404 0.313391 0.622896 0.439387 0.241943 0.300774 0.325398 2.02442 0.452122 0.593958 0.342649 1.75208 0.850964 1.14681 8.44214 8.04161 2.38138
17.899860 0.059692 0.328942 0.355546 0.282275 0.210552 0.327605 0.572991 0.460357 0.256512 0.2878 0.323716 2.20779 0.506951 0.645683 0.37263 1.71922 0.862343 1.14401 10.0609 10.7797 4.05899
18.141750 0.0565914 0.350972 0.340627 0.27478 0.206561 0.341218 0.516843 0.482298 0.277321 0.267404 0.318804 2.2891 0.569158 0.693795 0.414561 1.73144 0.906754 1.13493 11.0805 13.5721 7.65783
18.383640 0.0541928 0.373328 0.323303 0.281216 0.203495 0.342688 0.460115 0.501786 0.29591 0.253349 0.304589 2.22253 0.628735 0.696411 0.514531 1.79073 1.07206 1.12036 8.40791 11.9678 15.2016
18.625530 0.0523789 0.393266 0.306957 0.302928 0.199483 0.330944 0.408863 0.517299 0.299657 0.258502 0.282244 2.0329 0.657899 0.6584 0.651313 1.94637 1.36881 1.12689 5.66727 8.29835 21.2946
18.867420 0.0509825 0.409327 0.295186 0.32413 0.194009 0.318244 0.367104 0.530596 0.296443 0.259997 0.26298 1.79332 0.654433 0.623397 0.764046 2.41211 1.70881 1.1916 4.54699 6.59745 26.118
19.109310 0.0499355 0.421551 0.291086 0.339794 0.192604 0.305155 0.335751 0.544358 0.294162 0.246992 0.249009 1.56603 0.62562 0.613749 0.843614 3.7034 2.06956 1.33785 3.694 5.31353 45.9056
19.351200 0.049093 0.430761 0.302664 0.34382 0.304465 0.175015 0.313071 0.55208 0.309609 0.232717 0.225775 1.37683 0.56957 0.958944 0.541071 8.69507 2.17096 1.75132 5.2274 0.771036 51.9355
19.593090 0.0481424 0.437812 0.366576 0.292727 0.308559 0.153762 0.296884 0.430033 0.48568 0.229176 0.187153 1.05016 0.802417 1.0186 0.552273 16.6814 2.70709 1.2277 3.97361 2.24274 14.9311
19.834980 0.0473721 0.443422 0.388077 0.28136 0.307962 0.1506 0.28584 0.354883 0.559744 0.22435 0.16056 0.830379 0.844142 1.04967 0.594882 6.6287 2.54352 0.694837 4.01863 2.24761 7.84377
20.076870 0.046664 0.448139 0.39756 0.283175 0.310748 0.150671 0.278045 0.355203 0.57401 0.223476 0.150658 0.790155 0.741122 1.06329 0.62732 4.10056 2.05117 0.485474 4.57396 2.01844 5.17908
20.318760 0.0461788 0.452474 0.405354 0.284945 0.315524 0.153722 0.272291 0.371892 0.57833 0.227593 0.153718 0.792895 0.645365 1.05747 0.648772 3.07685 1.62863 0.376825 5.03455 1.79351 3.96796
20.560650 0.046334 0.456796 0.411649 0.28654 0.321405 0.15828 0.267826 0.39732 0.579203 0.237058 0.162687 0.81307 0.578625 1.0329 0.665129 2.51839 1.29664 0.324372 5.27521 1.60007 3.34489
20.802540 0.0477488 0.461431 0.416165 0.28827 0.327785 0.163475 0.263411 0.429717 0.578832 0.251436 0.174126 0.840684 0.544994 0.99152 0.685564 2.16536 1.0421 0.303683 5.2915 1.44631 3.00867
21.044430 0.0511923 0.466512 0.41859 0.290143 0.334183 0.16921 0.258939 0.468217 0.578189 0.269584 0.188787 0.870953 0.539998 0.93678 0.722962 1.92149 0.849261 0.30542 5.12473 1.34261 2.84711
21.286320 0.0572519 0.472307 0.418869 0.292231 0.340248 0.176083 0.254398 0.512452 0.577918 0.290181 0.21227 0.904004 0.554296 0.87281 0.791645 1.74403 0.704778 0.329281 4.84338 1.30133 2.81322
21.528210 0.0659717 0.478765 0.417054 0.294244 0.34587 0.184027 0.250096 0.562353 0.578675 0.312027 0.249618 0.948956 0.577791 0.803478 0.878323 1.60901 0.598522 0.366677 4.51936 1.29717 2.82012
21.770100 0.077174 0.485758 0.413355 0.295998 0.351253 0.191086 0.247937 0.618423 0.5807 0.334761 0.28714 1.02904 0.603027 0.733068 0.933599 1.50223 0.52199 0.393653 4.20606 1.26614 2.77537
22.011990 0.0904214 0.493252 0.408305 0.297117 0.356364 0.197286 0.25036 0.680556 0.584239 0.358182 0.313862 1.18671 0.625354 0.664455 0.960856 1.41517 0.468613 0.41082 3.93519 1.21968 2.73421
22.253880 0.10416 0.500762 0.402774 0.29735 0.361413 0.203543 0.260053 0.747652 0.58921 0.382126 0.332817 1.46262 0.642862 0.600276 0.98047 1.3428 0.433031 0.427748 3.71619 1.18269 2.7301
22.495770 0.117277 0.508161 0.397696 0.296563 0.366516 0.210321 0.279476 0.818734 0.595275 0.40654 0.347089 1.86499 0.655314 0.542442 0.997579 1.28113 0.410669 0.446053 3.54641 1.15877 2.75839
22.737660 0.128802 0.515487 0.3937 0.294658 0.3717 0.21765 0.310297 0.891774 0.60214 0.431201 0.358349 2.35876 0.663308 0.492305 1.01202 1.22763 0.397044 0.46534 3.41956 1.14508 2.81083
22.979550 0.137772 0.52282 0.391161 0.291847 0.377082 0.225415 0.352398 0.964302 0.609144 0.455752 0.367573 2.87516 0.667256 0.450819 1.02318 1.18061 0.389669 0.485272 3.32292 1.13946 2.88474
23.221440 0.143576 0.530208 0.389963 0.288386 0.382561 0.233368 0.40263 1.03331 0.615851 0.479425 0.375562 3.33164 0.667471 0.418421 1.03171 1.13924 0.385721 0.505617 3.23931 1.14107 2.98709
23.463330 0.145858 0.53725 0.389545 0.284689 0.387674 0.241288 0.454101 1.09546 0.621736 0.500978 0.383128 3.66298 0.664017 0.393797 1.0395 1.10363 0.383713 0.525876 3.15205 1.15117 3.13207
23.705220 0.145048 0.543562 0.389089 0.28115 0.392022 0.248895 0.4981 1.14855 0.626414 0.51876 0.391226 3.85019 0.657044 0.373455 1.04946 1.0743 0.38269 0.545817 3.05202 1.172 3.34459
23.947110 0.141907 0.548696 0.387894 0.278022 0.394997 0.256431 0.529198 1.19172 0.629744 0.531363 0.400901 3.91443 0.646657 0.353228 1.06333 1.05053 0.382451 0.565864 2.94067 1.20507 3.66126
24.189000 0.137431 0.552489 0.385765 0.275449 0.396288 0.264365 0.546318 1.22542 0.631895 0.537633 0.413494 3.88992 0.633149 0.33116 1.08136 1.03211 0.38458 0.586905 2.83073 1.24976 4.12833
24.430890 0.132255 0.554732 0.382676 0.27351 0.39521 0.273523 0.550395 1.24961 0.633096 0.535931 0.430669 3.79941 0.617088 0.311719 1.10185 1.01877 0.392823 0.608337 2.73448 1.30386 4.79624
24.672780 0.127126 0.555369 0.378694 0.272378 0.390568 0.285319 0.542983 1.26364 0.633301 0.523397 0.454153 3.65485 0.598713 0.313378 1.12017 1.01112 0.414676 0.626978 2.66539 1.36128 5.63667
24.914670 0.12205 0.553471 0.374059 0.272191 0.381232 0.300247 0.524087 1.26523 0.632874 0.497641 0.483824 3.45093 0.579634 0.368767 1.12685 1.01151 0.460064 0.635461 2.63339 1.40866 6.34299
25.156560 0.117232 0.548469 0.369081 0.273243 0.367702 0.31646 0.496391 1.25231 0.631659 0.460849 0.513957 3.17821 0.562381 0.485553 1.11091 1.02623 0.533219 0.627083 2.65105 1.42403 6.2974
25.398450 0.112382 0.540067 0.36403 0.275688 0.353798 0.329196 0.466235 1.22374 0.629419 0.42218 0.534874 2.8354 0.551688 0.624523 1.07323 1.06557 0.621532 0.604878 2.71491 1.38986 5.32795
25.640340 0.107043 0.528681 0.359331 0.279542 0.343277 0.335549 0.442213 1.18199 0.625613 0.390448 0.542508 2.4483 0.55528 0.746875 1.02727 1.1486 0.708789 0.579954 2.78825 1.3085 4.05878
25.882230 0.101299 0.515343 0.355332 0.284717 0.336918 0.336477 0.430222 1.13142 0.618689 0.367083 0.53921 2.05732 0.579489 0.839851 0.983826 1.30348 0.786001 0.56045 2.82618 1.19582 3.00766
26.124120 0.0947705 0.5007 0.35208 0.291018 0.333784 0.333756 0.430759 1.07685 0.606804 0.349986 0.528618 1.6994 0.625103 0.905566 0.945589 1.5691 0.850954 0.547287 2.79838 1.0682 2.27583
26.366010 0.0875802 0.485097 0.34968 0.298411 0.332997 0.328856 0.441377 1.02237 0.587448 0.337209 0.512858 1.40122 0.685743 0.949657 0.910958 1.99506 0.901627 0.538403 2.70882 0.935772 1.79552
26.607900 0.079951 0.468817 0.348069 0.306945 0.334081 0.32282 0.460025 0.971655 0.557542 0.32708 0.492965 1.18765 0.749358 0.977249 0.877146 2.63833 0.935035 0.530266 2.58403 0.804045 1.48295
26.849790 0.072183 0.452112 0.347277 0.316849 0.3367 0.316508 0.484579 0.927959 0.514035 0.318644 0.46965 1.08429 0.799507 0.993169 0.840798 3.52753 0.947173 0.517378 2.46122 0.676427 1.27426
27.091680 0.0652072 0.435613 0.346707 0.328241 0.340767 0.310781 0.513588 0.892019 0.456845 0.31099 0.44355 1.10285 0.817177 1.00172 0.798718 4.53493 0.936054 0.49067 2.37357 0.560711 1.12564
27.333570 0.059933 0.419651 0.346306 0.340831 0.345926 0.306326 0.545441 0.859429 0.393595 0.303648 0.415099 1.21829 0.78931 1.00656 0.745949 5.24886 0.906623 0.437633 2.34286 0.471712 1.00395
27.575460 0.0570354 0.404312 0.34636 0.353279 0.352141 0.302232 0.577877 0.822722 0.339103 0.2964 0.383996 1.37892 0.723165 1.00947 0.67562 5.24868 0.872011 0.358571 2.38057 0.430041 0.881716
27.817350 0.0561857 0.389611 0.348007 0.364174 0.359241 0.29186 0.609138 0.778727 0.303712 0.289035 0.351194 1.54236 0.643754 1.01067 0.596411 4.62849 0.845254 0.337403 2.49044 0.44013 0.747272
28.059240 0.0570234 0.375484 0.351474 0.372724 0.367097 0.267253 0.636688 0.729471 0.285275 0.281557 0.325914 1.68638 0.574283 1.00927 0.575629 3.82552 0.83038 0.450547 2.68965 0.46414 0.646722
28.301130 0.0586984 0.362126 0.356154 0.379051 0.375404 0.23974 0.658596 0.678314 0.276815 0.273647 0.312352 1.80303 0.525187 1.00401 0.62899 3.14141 0.827855 0.539873 2.99748 0.478191 0.596242
28.543020 0.0603339 0.350014 0.36122 0.383172 0.383857 0.217662 0.671649 0.62829 0.273706 0.265204 0.303193 1.89015 0.500049 0.994441 0.700691 2.65855 0.835795 0.57419 3.4252 0.496943 0.565426
28.784910 0.0617455 0.339725 0.365794 0.385601 0.391765 0.200494 0.673958 0.581439 0.274139 0.255829 0.294852 1.95268 0.502399 0.979682 0.765964 2.34901 0.852698 0.585593 3.9488 0.523035 0.556767
29.026800 0.0627301 0.33159 0.369353 0.386906 0.398436 0.187284 0.664847 0.539605 0.276925 0.246127 0.287068 2.00151 0.53658 0.957783 0.818688 2.16171 0.878775 0.593423 4.48857 0.547619 0.58421
29.268690 0.0632938 0.325715 0.371781 0.387825 0.403309 0.177299 0.646122 0.503192 0.280852 0.237247 0.280109 2.05016 0.600547 0.92668 0.859692 2.05276 0.91593 0.603292 4.914 0.561122 0.649995
29.510580 0.063496 0.321947 0.373228 0.388747 0.40626 0.169853 0.620368 0.471698 0.284437 0.231176 0.273787 2.11009 0.682919 0.887869 0.891528 1.99326 0.964286 0.615533 5.14398 0.557368 0.740434
29.752470 0.0638266 0.320077 0.373823 0.389513 0.407562 0.164358 0.590094 0.444752 0.286801 0.229032 0.2678 2.19129 0.769341 0.848613 0.916426 1.9681 1.0199 0.628926 5.21985 0.538238 0.833523
29.994360 0.0643181 0.320016 0.37366 0.389573 0.407882 0.16054 0.557188 0.421619 0.288074 0.230628 0.261953 2.30401 0.851771 0.817862 0.935823 1.96973 1.07533 0.642227 5.25596 0.510646 0.908515
30.236250 0.0648475 0.321854 0.372639 0.38822 0.407974 0.158482 0.522611 0.402088 0.288994 0.234617 0.256447 2.46279 0.930642 0.802943 0.950375 1.99488 1.12779 0.653976 5.34404 0.481976 0.951827
30.478140 0.0653981 0.325926 0.370431 0.384848 0.408407 0.158388 0.486745 0.386071 0.290283 0.23956 0.251742 2.69054 1.01178 0.809461 0.960703 2.04121 1.1755 0.662492 5.53591 0.456868 0.959413
30.720030 0.065683 0.333011 0.366247 0.379011 0.409502 0.160279 0.44962 0.373387 0.292488 0.244248 0.248207 3.01728 1.10146 0.843059 0.966959 2.10659 1.21819 0.667479 5.86644 0.436423 0.937988
30.961920 0.0658545 0.344074 0.359097 0.370303 0.411681 0.16373 0.410883 0.36442 0.29609 0.247577 0.245858 3.48091 1.20652 0.912066 0.968535 2.19069 1.25342 0.669857 6.35918 0.418893 0.900783
31.203810 0.0660641 0.360654 0.347056 0.358603 0.414935 0.167851 0.370253 0.359146 0.301492 0.24856 0.244312 4.10501 1.33188 1.02694 0.963194 2.29639 1.27745 0.673731 7.0057 0.400669 0.862924
31.445700 0.066266 0.383655 0.327584 0.345065 0.418311 0.171577 0.327167 0.357498 0.308802 0.246664 0.242772 4.83502 1.48045 1.1959 0.945423 2.43421 1.28955 0.687225 7.65756 0.378399 0.836155
31.687590 0.0665444 0.412067 0.298859 0.334021 0.418593 0.173869 0.282717 0.357477 0.316823 0.242824 0.240494 5.41787 1.65252 1.40767 0.906994 2.63881 1.31445 0.720555 7.87002 0.35426 0.827638
31.929480 0.0668964 0.440764 0.263846 0.3327 0.410794 0.174251 0.242535 0.354842 0.322603 0.240401 0.236963 5.45671 1.84604 1.60848 0.842019 3.02902 1.42939 0.777574 7.14722 0.342637 0.841224
32.171370 0.0673558 0.463 0.232534 0.343048 0.393524 0.173077 0.214773 0.345384 0.324441 0.241868 0.232109 4.92095 2.03994 1.72611 0.755659 3.9763 1.69955 0.845742 5.77987 0.363516 0.88924
32.413260 0.068085 0.475965 0.217442 0.357315 0.370919 0.17108 0.203179 0.327953 0.324637 0.245657 0.22622 4.30385 2.15991 1.73093 0.661933 6.34576 2.08965 0.897237 4.48224 0.447917 0.991498
32.655150 0.0688238 0.480871 0.238939 0.359132 0.347311 0.168899 0.204699 0.302672 0.327028 0.248977 0.219629 4.02331 2.06941 1.63829 0.573728 10.2483 2.44304 0.873668 3.60342 0.659684 1.16939
32.897040 0.0699172 0.479546 0.30308 0.331971 0.325085 0.166617 0.214663 0.27686 0.327391 0.250834 0.212459 4.03682 1.81949 1.48173 0.499457 9.33859 2.43778 0.724094 3.43238 0.958856 1.44132
33.138930 0.0711378 0.473661 0.357754 0.305138 0.305642 0.164079 0.22901 0.258469 0.321055 0.251401 0.204749 4.06331 1.65701 1.2964 0.4431 5.16652 2.12367 0.583729 3.80377 1.19441 1.82821
33.380820 0.0724449 0.464861 0.393683 0.294451 0.290081 0.161411 0.244747 0.242349 0.314107 0.251656 0.196265 4.0113 1.5394 1.11396 0.409271 2.81051 1.79295 0.524135 4.28719 1.39339 2.34504
33.622710 0.0737898 0.454575 0.41979 0.293646 0.279262 0.160103 0.259851 0.226521 0.308876 0.252888 0.186869 3.85765 1.42354 0.960431 0.405521 1.67769 1.52912 0.541503 4.86651 1.61151 2.9609
33.864600 0.0759172 0.444147 0.440278 0.29857 0.272457 0.165149 0.27326 0.211497 0.305248 0.256129 0.177831 3.62191 1.29668 0.858632 0.441596 1.08927 1.33306 0.651096 5.9782 1.89427 3.49747
34.106490 0.077744 0.434451 0.45692 0.309232 0.264805 0.182937 0.284691 0.197969 0.302239 0.260604 0.17403 3.34368 1.1344 0.841116 0.512037 0.774526 1.17713 0.848069 8.81747 2.30645 3.67632
34.348380 0.0796718 0.425829 0.470701 0.324171 0.251907 0.204502 0.294298 0.18637 0.297299 0.264317 0.182655 3.05793 0.856468 0.958865 0.551234 0.699163 0.992884 0.986887 12.5207 2.73511 4.25474
34.590270 0.0819776 0.41855 0.482476 0.323772 0.256031 0.176816 0.302475 0.176919 0.289247 0.257972 0.194624 2.78683 0.521245 1.04799 0.314104 0.764478 0.832261 0.41947 7.19277 3.23009 6.47954
34.832160 0.0841262 0.412444 0.492937 0.313264 0.266845 0.157239 0.309644 0.169577 0.284673 0.194066 0.180747 2.54015 0.357057 0.976089 0.328382 0.751725 1.20919 0.658603 3.51538 4.63106 43.0956
35.074050 0.086911 0.407617 0.502425 0.302259 0.174226 0.260706 0.31606 0.164406 0.282029 0.179741 0.140349 2.32178 0.296048 0.424527 0.837376 0.753804 0.871606 1.536 4.64974 2.06703 56.5299
35.315940 0.0898932 0.403864 0.511419 0.293027 0.18604 0.257343 0.322186 0.161541 0.281416 0.182923 0.142281 2.13454 0.288635 0.433688 0.795183 0.834662 0.905585 1.58504 4.04867 1.36285 37.583
35.557830 0.0933969 0.401166 0.520153 0.286344 0.195234 0.253697 0.328012 0.16116 0.283146 0.183156 0.152853 1.97601 0.311039 0.452255 0.769951 1.00669 0.924471 1.5391 3.35021 1.06385 34.5818
35.799720 0.0973805 0.399532 0.528879 0.28113 0.2023 0.249174 0.333684 0.163477 0.286414 0.180292 0.165489 1.84265 0.351658 0.483231 0.748124 1.29077 0.939989 1.44698 2.76521 0.938325 35.0173
36.041610 0.101498 0.39892 0.53777 0.276032 0.208349 0.24326 0.339078 0.169081 0.290022 0.173834 0.180148 1.73142 0.407029 0.532055 0.721604 1.73542 0.959478 1.31711 2.31262 0.89468 36.8462
36.283500 0.106008 0.399421 0.547098 0.270246 0.213718 0.23581 0.344099 0.178835 0.292942 0.163824 0.196366 1.63871 0.477147 0.601151 0.683231 2.42237 0.979473 1.15579 1.96484 0.896499 38.4125
36.525390 0.110812 0.400628 0.556456 0.263694 0.217792 0.227425 0.348587 0.193609 0.29368 0.152153 0.211953 1.56096 0.562315 0.684563 0.626999 3.44658 0.982717 0.976624 1.69669 0.91681 37.4126
36.767280 0.11583 0.402455 0.565129 0.258015 0.219415 0.219479 0.352266 0.214112 0.29071 0.143064 0.223887 1.49516 0.661136 0.768653 0.556394 4.84779 0.951596 0.811385 1.49417 0.92992 32.6477
37.009170 0.121187 0.404846 0.571507 0.25664 0.218106 0.213088 0.354959 0.239626 0.282831 0.139926 0.230591 1.43867 0.768953 0.841067 0.481845 6.48107 0.88472 0.693222 1.34725 0.920569 25.5912
37.251060 0.126543 0.407795 0.573841 0.263239 0.214584 0.208417 0.356264 0.268013 0.270087 0.142401 0.23255 1.39209 0.877545 0.897364 0.412861 7.96271 0.801668 0.634363 1.24091 0.888537 18.6143
37.492950 0.131969 0.41135 0.571657 0.277793 0.210124 0.204983 0.356032 0.295798 0.254269 0.147756 0.231127 1.36108 0.976904 0.938534 0.354359 8.87132 0.726589 0.61953 1.16115 0.841783 13.0482
37.734840 0.137501 0.415571 0.566329 0.296408 0.205825 0.202301 0.354309 0.319961 0.238346 0.153539 0.227652 1.35128 1.06004 0.967831 0.308395 9.09113 0.673276 0.623596 1.09934 0.790482 9.16693
37.976730 0.143213 0.420434 0.560187 0.314018 0.202314 0.20003 0.351263 0.339119 0.225186 0.158462 0.222984 1.3633 1.12422 0.988193 0.274252 8.84824 0.640885 0.62879 1.05294 0.743305 6.68335
38.218620 0.148787 0.425793 0.555201 0.327089 0.199811 0.198023 0.347121 0.353316 0.216354 0.162112 0.217561 1.39132 1.17043 1.00142 0.250088 8.46708 0.620487 0.628121 1.02127 0.705594 5.20507
38.460510 0.154578 0.431532 0.552597 0.334205 0.198302 0.196103 0.34225 0.363079 0.212123 0.16453 0.211416 1.42512 1.20038 1.00865 0.233453 8.17504 0.602321 0.620237 1.00425 0.680052 4.39691
38.702400 0.16066 0.437529 0.552776 0.335243 0.19777 0.194171 0.336871 0.369028 0.212214 0.165941 0.204457 1.45607 1.21491 1.01075 0.221668 8.07118 0.579402 0.605416 1.00144 0.667579 4.0493
38.944290 0.166474 0.443541 0.555528 0.330651 0.198313 0.1919 0.331072 0.37138 0.216214 0.166642 0.196364 1.48055 1.21337 1.00923 0.211282 8.16065 0.547552 0.58386 1.01185 0.667986 4.06862
39.186180 0.172235 0.449584 0.56024 0.32085 0.200392 0.188768 0.325005 0.369845 0.22398 0.166933 0.187125 1.5008 1.19373 1.00623 0.196545 8.38758 0.503331 0.555669 1.03321 0.682666 4.52845
39.428070 0.177897 0.455422 0.566276 0.306544 0.205506 0.183278 0.318879 0.363794 0.235582 0.167442 0.176999 1.52218 1.15271 1.00517 0.161258 8.62864 0.44243 0.522982 1.0579 0.719976 6.24585
39.669960 0.182615 0.46092 0.572198 0.289554 0.224631 0.1617 0.312769 0.352504 0.251007 0.172172 0.164224 1.5498 1.08623 1.00092 0.134808 8.66117 0.353262 0.498621 1.0038 0.88018 37.2411
39.911850 0.186738 0.46597 0.575877 0.273881 0.213766 0.18162 0.306853 0.335693 0.26936 0.175306 0.158078 1.58599 0.992377 0.45259 0.892247 8.17783 0.424093 0.342937 0.667832 1.23837 26.7688
40.153740 0.190566 0.470561 0.574945 0.265124 0.2086 0.197091 0.300917 0.314869 0.287527 0.178412 0.159295 1.62571 0.876953 0.346009 0.928348 7.00783 0.453461 0.26296 0.806568 1.27656 7.33116
40.395630 0.193616 0.474767 0.568623 0.2655 0.213996 0.204169 0.29499 0.293644 0.301408 0.188757 0.158447 1.66055 0.756246 0.327721 0.924261 5.41455 0.521223 0.251251 1.07113 1.33038 3.9938
40.637520 0.195912 0.478668 0.558476 0.270965 0.22292 0.209881 0.28902 0.275621 0.307642 0.202817 0.157135 1.6849 0.64422 0.335045 0.912653 3.89737 0.657346 0.289505 1.83132 1.4036 2.79634
40.879410 0.197065 0.482375 0.546839 0.275181 0.234474 0.215211 0.282951 0.262599 0.302302 0.222954 0.155714 1.70039 0.535527 0.374195 0.89802 2.71896 0.930135 0.340178 5.98762 1.49335 2.28053
41.121300 0.197489 0.485981 0.534872 0.254781 0.26899 0.220413 0.276771 0.254656 0.223984 0.303338 0.154511 1.71039 0.276297 0.539412 0.881643 1.50014 1.7601 0.3846 26.5204 1.44758 2.29252
41.363190 0.19749 0.489671 0.522266 0.260001 0.273967 0.225708 0.270421 0.251677 0.221809 0.29986 0.154244 1.7162 0.337618 0.48033 0.863534 2.0159 1.42223 0.421071 2.86957 1.51592 2.81442
41.605080 0.196997 0.493596 0.506662 0.279963 0.265375 0.231469 0.263855 0.254096 0.227347 0.281256 0.157184 1.7141 0.416476 0.449699 0.839454 3.68467 1.06171 0.461038 1.27928 1.43476 4.95121
41.846970 0.195681 0.498047 0.481226 0.315153 0.248107 0.239784 0.256939 0.263976 0.22446 0.247564 0.175659 1.68532 0.566794 0.498812 0.777855 7.30361 0.76965 0.551055 1.05068 1.29814 15.0241
42.088860 0.193854 0.503291 0.4318 0.37539 0.227661 0.243655 0.249537 0.281729 0.211176 0.158482 0.230641 1.57295 0.856865 0.761066 0.482172 12.4906 0.610216 0.648705 1.31034 0.821441 22.7606
42.330750 0.191958 0.509402 0.366128 0.436345 0.231148 0.21835 0.241712 0.296825 0.199114 0.131548 0.212397 1.36507 1.17813 0.815093 0.336318 12.4341 0.847407 0.563549 1.25652 0.62096 5.72498
42.572640 0.190948 0.516611 0.323277 0.466075 0.234482 0.192991 0.233596 0.303228 0.198236 0.128343 0.175998 1.20126 1.3564 0.811534 0.306559 8.47293 1.01572 0.563347 1.16785 0.529984 2.65298
42.814530 0.188939 0.524666 0.304157 0.475979 0.23696 0.182565 0.22539 0.306066 0.20153 0.126941 0.153624 1.12561 1.42513 0.80387 0.291645 5.68184 1.10716 0.592847 1.14164 0.449699 1.92645
43.056420 0.187287 0.533603 0.295846 0.478451 0.239686 0.185457 0.217181 0.307651 0.205156 0.125903 0.152084 1.10073 1.44188 0.797915 0.281085 4.14314 1.16627 0.605256 1.16073 0.388892 1.68115
43.298310 0.185392 0.543384 0.291858 0.478074 0.243076 0.191302 0.208985 0.308209 0.208456 0.12507 0.158567 1.09574 1.43153 0.794068 0.274391 3.27918 1.2141 0.602647 1.21102 0.347537 1.53836
43.540200 0.183815 0.554078 0.289651 0.476482 0.247344 0.196925 0.200837 0.307835 0.211398 0.124375 0.166257 1.09323 1.40432 0.791743 0.27193 2.76558 1.26094 0.593211 1.28627 0.323422 1.416
43.782090 0.181764 0.565711 0.288191 0.474416 0.25244 0.2042 0.192932 0.306412 0.21405 0.12379 0.175496 1.08413 1.36527 0.789944 0.28967 2.44964 1.3125 0.579551 1.38604 0.343708 1.36662
44.023980 0.180118 0.578292 0.287028 0.47194 0.258093 0.228759 0.18529 0.303987 0.216411 0.123254 0.215541 1.06434 1.3175 0.787433 0.579224 2.25906 1.37398 0.526456 1.51339 0.903604 2.23467
44.265870 0.178968 0.591659 0.285974 0.469185 0.264078 0.228533 0.177891 0.30071 0.218279 0.122792 0.240673 1.03327 1.26281 0.783934 0.721433 2.15997 1.44925 0.522676 1.67407 1.25644 2.44907
44.507760 0.177518 0.60561 0.284768 0.466373 0.26982 0.226544 0.17067 0.296718 0.219598 0.122375 0.248466 0.993041 1.204 0.778628 0.736445 2.14272 1.54508 0.56347 1.8743 1.37977 2.41416
44.749650 0.17597 0.619825 0.283327 0.463636 0.274579 0.225336 0.163737 0.292117 0.220214 0.122092 0.253231 0.94706 1.14284 0.771323 0.737648 2.21063 1.66842 0.614932 2.12592 1.48383 2.44819
44.991540 0.174575 0.634158 0.281563 0.461314 0.277341 0.224446 0.156926 0.287149 0.220103 0.122056 0.256375 0.899667 1.08074 0.761993 0.73299 2.37944 1.82697 0.680307 2.4443 1.57503 2.54155
45.233430 0.173168 0.648142 0.279505 0.459947 0.277117 0.223643 0.150243 0.282066 0.219081 0.122503 0.258295 0.854901 1.01897 0.750405 0.724908 2.68302 2.02778 0.765788 2.84697 1.64683 2.68848
45.475320 0.171546 0.661632 0.277158 0.460178 0.273043 0.222859 0.143989 0.277228 0.216951 0.123654 0.259144 0.816376 0.958148 0.736771 0.714619 3.20631 2.27481 0.879311 3.34426 1.68644 2.89058
45.717210 0.169589 0.674426 0.274458 0.462578 0.264402 0.222106 0.13796 0.273002 0.213328 0.12561 0.25911 0.787127 0.897588 0.721631 0.702849 4.17654 2.56247 1.03547 3.93449 1.67329 3.14926
45.959100 0.16722 0.686329 0.271574 0.467275 0.250625 0.221472 0.132355 0.27018 0.20725 0.128242 0.258468 0.772687 0.833422 0.70553 0.6898 6.29915 2.84502 1.26234 4.62508 1.56893 3.45649
46.200990 0.164634 0.697328 0.273669 0.471333 0.231091 0.221107 0.127204 0.270359 0.196151 0.131252 0.257621 0.787546 0.75069 0.688949 0.674784 11.9557 2.85252 1.61887 5.56334 1.26967 3.78666
46.442880 0.161485 0.707452 0.329156 0.442192 0.205124 0.221227 0.122526 0.268447 0.186617 0.134352 0.257148 0.839754 0.632026 0.67063 0.656498 18.7527 1.46585 2.03192 7.10082 0.703923 4.08383
46.684770 0.157755 0.716833 0.412782 0.376218 0.172096 0.221855 0.118483 0.249063 0.199631 0.137819 0.257609 0.816573 0.62735 0.645809 0.633299 7.25283 1.17866 1.91822 8.51351 1.43514 4.2421
46.926660 0.153544 0.725846 0.443516 0.351289 0.134104 0.222747 0.115109 0.237749 0.19997 0.143361 0.259288 0.76694 0.690459 0.604081 0.603718 3.22799 1.51952 1.66662 10.0483 2.40691 4.09773
47.168550 0.148747 0.734903 0.457445 0.338711 0.113052 0.223172 0.112595 0.233516 0.190789 0.153991 0.261808 0.724857 0.77637 0.534263 0.568639 2.42059 1.33994 1.45214 10.5155 3.46559 3.56919
47.410440 0.143576 0.744283 0.466217 0.316299 0.147351 0.222526 0.111148 0.233078 0.178656 0.171452 0.263934 0.688834 0.872312 0.446216 0.531408 2.19288 1.03006 1.27295 7.80255 4.28086 3.52952
47.652330 0.138119 0.754202 0.472866 0.276865 0.209309 0.224285 0.110526 0.235496 0.171345 0.192738 0.264753 0.657774 0.957654 0.384185 0.49433 2.07511 0.782377 1.13086 4.06549 4.16297 4.73618
47.894220 0.132022 0.764854 0.477956 0.226116 0.258837 0.23457 0.110911 0.240718 0.175631 0.210496 0.265938 0.632461 1.02396 0.380669 0.460931 1.99255 0.643845 1.02843 6.45768 3.18912 5.05784
48.136110 0.125547 0.7764 0.481378 0.178092 0.285467 0.249915 0.111871 0.249139 0.192397 0.220708 0.268741 0.614029 1.07071 0.425231 0.434986 1.94398 0.592893 0.96177 8.7534 2.23993 4.34111
48.378000 0.119865 0.789552 0.482463 0.148905 0.292439 0.264297 0.112888 0.261465 0.215241 0.226895 0.272165 0.604788 1.10479 0.484118 0.416632 1.94022 0.587774 0.925788 8.37027 1.66845 3.57586
48.619890 0.118239 0.804807 0.480265 0.14095 0.288333 0.275662 0.1131 0.278465 0.237639 0.233266 0.275378 0.607242 1.13432 0.530651 0.405473 1.98861 0.586125 0.916554 6.96483 1.32426 3.1658
48.861780 0.126681 0.822566 0.474133 0.145062 0.280293 0.283887 0.111691 0.300855 0.257048 0.24079 0.27851 0.624194 1.16101 0.561177 0.401363 2.08252 0.576469 0.930052 5.69283 1.08884 3.0583
49.103670 0.151824 0.843165 0.463597 0.154244 0.271475 0.288984 0.108733 0.329633 0.272772 0.248826 0.282017 0.65922 1.18194 0.582779 0.403747 2.21268 0.562669 0.961014 4.75439 0.926931 3.13368
49.345560 0.198988 0.867041 0.44836 0.166128 0.262605 0.291163 0.107044 0.366877 0.284548 0.257008 0.286537 0.718924 1.19408 0.603699 0.411582 2.37354 0.547557 1.00242 4.06127 0.828688 3.33952
49.587450 0.270909 0.894768 0.429207 0.180896 0.25336 0.29131 0.112732 0.415335 0.291929 0.265388 0.291986 0.811955 1.19433 0.628812 0.423647 2.55804 0.530092 1.04402 3.52595 0.787457 3.67046
49.829340 0.365222 0.926503 0.409321 0.199673 0.24335 0.290435 0.131109 0.477162 0.295133 0.275074 0.297962 0.944703 1.17812 0.659039 0.439942 2.75113 0.509186 1.0721 3.09894 0.796182 4.16647
50.071230 0.470279 0.962117 0.394332 0.223402 0.232216 0.289984 0.15902 0.55177 0.295439 0.287678 0.303171 1.11113 1.14151 0.687947 0.462278 2.93505 0.492495 1.07286 2.7518 0.850289 4.90076
50.313120 0.566031 1.00181 0.388545 0.251315 0.220703 0.290084 0.194258 0.634596 0.294717 0.304714 0.305826 1.28693 1.08315 0.70379 0.492971 3.10441 0.505865 1.03755 2.46024 0.946831 5.97172
50.555010 0.635756 1.0455 0.390826 0.280423 0.211201 0.289641 0.258483 0.718311 0.293469 0.326455 0.304048 1.43695 1.00626 0.697323 0.532951 3.26619 0.572206 0.96252 2.20184 1.07455 7.36864
50.796900 0.675235 1.09224 0.397201 0.30765 0.207343 0.286447 0.379979 0.796812 0.290967 0.351104 0.297799 1.5364 0.918229 0.667592 0.580309 3.41961 0.678567 0.849751 1.96499 1.21218 8.71289
51.038790 0.689506 1.13961 0.404689 0.331581 0.211904 0.278435 0.560661 0.867028 0.286841 0.374417 0.290832 1.58012 0.828371 0.622365 0.628095 3.55201 0.787047 0.711449 1.75703 1.32581 9.20871
51.280680 0.687193 1.18403 0.412254 0.352335 0.223471 0.26546 0.78905 0.92821 0.282055 0.391834 0.289744 1.57531 0.745035 0.575997 0.667211 3.6521 0.866042 0.575913 1.60259 1.38164 8.43454
51.522570 0.67808 1.22126 0.419867 0.370482 0.237644 0.249409 1.05324 0.980074 0.278379 0.40148 0.298423 1.5319 0.673984 0.540528 0.694308 3.71597 0.907447 0.475558 1.51926 1.36836 6.93446
51.764460 0.673938 1.24645 0.428028 0.386483 0.251156 0.231665 1.33594 1.02197 0.277946 0.404214 0.315659 1.46031 0.617918 0.519541 0.712934 3.74574 0.921321 0.424599 1.49872 1.29878 5.46866
52.006350 0.684892 1.25487 0.437207 0.400588 0.263069 0.21244 1.60964 1.05271 0.282769 0.401607 0.337325 1.37171 0.576698 0.510948 0.728411 3.74254 0.920963 0.418129 1.51874 1.19668 4.38073
52.248240 0.716418 1.24248 0.447571 0.412887 0.273411 0.19183 1.83666 1.07059 0.294374 0.394915 0.358614 1.27773 0.547869 0.511155 0.744434 3.70896 0.915156 0.444952 1.55902 1.08968 3.69949
52.490130 0.765344 1.20887 0.458984 0.423503 0.282147 0.170444 1.97811 1.07473 0.313181 0.385826 0.375545 1.19004 0.527668 0.517862 0.762786 3.65018 0.908667 0.498912 1.60845 1.00705 3.36116
52.732020 0.820695 1.15732 0.470681 0.43209 0.289869 0.150265 2.01311 1.065 0.337849 0.375683 0.386787 1.11866 0.512451 0.528513 0.783174 3.56192 0.903715 0.577259 1.6636 0.969521 3.30518
52.973910 0.872694 1.09428 0.481916 0.438875 0.296768 0.133193 1.95066 1.04327 0.366481 0.366071 0.392808 1.06928 0.499468 0.541839 0.804123 3.44045 0.900397 0.677681 1.72436 0.984177 3.48842
53.215800 0.914027 1.02668 0.491968 0.443679 0.303399 0.121091 1.82215 1.01265 0.397049 0.358276 0.39534 1.04212 0.487637 0.55709 0.823847 3.28373 0.89895 0.79731 1.79095 1.04666 3.89781
53.457690 0.942971 0.959165 0.500458 0.446648 0.309863 0.115159 1.66028 0.975732 0.428014 0.353255 0.395402 1.03384 0.476737 0.574831 0.840893 3.10169 0.899487 0.933023 1.86443 1.14882 4.55825
53.699580 0.96042 0.89427 0.507338 0.447839 0.316665 0.115827 1.48957 0.933938 0.458835 0.351478 0.393562 1.04053 0.467067 0.595975 0.854162 2.90193 0.905851 1.08273 1.9477 1.28367 5.54526
53.941470 0.969014 0.833463 0.512452 0.447239 0.324275 0.122634 1.32425 0.887908 0.489544 0.353261 0.389353 1.0592 0.458964 0.622211 0.861658 2.68728 0.928928 1.24259 2.04996 1.44301 6.96244
54.183360 0.971209 0.777549 0.515807 0.444969 0.333191 0.134303 1.17327 0.838273 0.520169 0.358972 0.381811 1.08768 0.452641 0.655386 0.86044 2.45678 0.989737 1.40143 2.18742 1.61171 8.88276
54.425250 0.970008 0.727392 0.517536 0.441019 0.343814 0.149086 1.04281 0.786428 0.550564 0.368079 0.370105 1.12404 0.448552 0.695824 0.847945 2.21278 1.11226 1.54132 2.37905 1.76902 11.2292
54.667140 0.967034 0.683303 0.517581 0.435543 0.356114 0.165501 0.933412 0.733803 0.580203 0.37909 0.354233 1.16636 0.447231 0.741643 0.82334 1.96883 1.30852 1.63975 2.63689 1.88933 13.6779
54.909030 0.964272 0.644918 0.516232 0.428963 0.369759 0.18206 0.844258 0.681702 0.608705 0.389353 0.335619 1.21244 0.448854 0.788372 0.788894 1.7413 1.56353 1.6815 2.95622 1.95524 15.7042
55.150920 0.962394 0.611547 0.513802 0.421617 0.384418 0.197947 0.772382 0.630941 0.635748 0.396068 0.316722 1.26065 0.453151 0.830383 0.748959 1.54728 1.84308 1.66467 3.31184 1.96198 16.8859
55.392810 0.961902 0.582575 0.51075 0.413937 0.399645 0.212396 0.715005 0.58221 0.660819 0.397235 0.299976 1.31001 0.45921 0.863001 0.70878 1.40179 2.10967 1.60147 3.66883 1.9214 17.1605
55.634700 0.962359 0.557163 0.50768 0.406428 0.414992 0.225418 0.669608 0.535992 0.683007 0.392467 0.2865 1.35904 0.465799 0.884727 0.671497 1.31547 2.33704 1.51021 4.00224 1.85398 16.7817
55.876590 0.963925 0.534907 0.505118 0.399495 0.429778 0.237311 0.63355 0.493066 0.701835 0.382553 0.276257 1.40606 0.471832 0.896812 0.638179 1.28836 2.51561 1.40673 4.30644 1.77364 16.0318
56.118480 0.96628 0.515297 0.503331 0.39347 0.443389 0.248236 0.605695 0.453885 0.71688 0.368783 0.268602 1.44919 0.476722 0.901912 0.608892 1.30775 2.64627 1.30324 4.58826 1.68839 15.0723
56.360370 0.969101 0.498018 0.502479 0.388578 0.455444 0.258432 0.584549 0.41866 0.728317 0.352724 0.262738 1.48633 0.480289 0.903204 0.583156 1.35665 2.73838 1.20786 4.86082 1.59981 13.9683
56.602260 0.972382 0.482794 0.502653 0.384879 0.46563 0.267985 0.569257 0.387396 0.736359 0.335844 0.257898 1.51592 0.482544 0.902668 0.560953 1.41878 2.80107 1.12663 5.13343 1.50841 12.7622
56.844150 0.976186 0.469325 0.503863 0.382242 0.474098 0.276917 0.558925 0.359676 0.741464 0.319354 0.25333 1.53736 0.483408 0.901709 0.542119 1.48285 2.84412 1.06198 5.41235 1.41475 11.4985
57.086040 0.98036 0.457296 0.50613 0.380446 0.481123 0.2852 0.552664 0.3348 0.74393 0.304162 0.248405 1.55062 0.482653 0.901008 0.526422 1.54177 2.87499 1.01302 5.70204 1.32011 10.2339
57.327930 0.984373 0.446364 0.509383 0.379241 0.487282 0.292677 0.549471 0.312221 0.744257 0.29074 0.242691 1.55691 0.480018 0.900671 0.513482 1.59292 2.90153 0.977149 6.008 1.22636 9.01441
57.569820 0 0 0 0 0 0 0 0 0 0 0 0 0 0 0 0 0 0 0 0 0
