.241890 -514.208682023578 -3.703221847616865E-002 -3.717440440198654E-002 1 -4.786754748200212E-002 -4.791464255649695E-002 2 -3.616610900107269E-002 -3.624235600297816E-002 3 -2.418717572687094E-002 -2.423353130088093E-002 4 -4.545220240374909E-002 -4.550467298813792E-002 5 -9.317825739580114E-003 -9.288304486736048E-003 6 -3.840341755285055E-002 -3.852851368536035E-002 7 -3.535619615596493E-003 -3.542282157540470E-003
.483780 -514.208675727360 -1.131245881826969E-002 -1.133858087301054E-002 1 -2.731199397923494E-002 -2.734613497577701E-002 2 -8.189678156902290E-003 -8.204745604972327E-003 3 -1.029894303924140E-002 -1.033329983816101E-002 4 -2.772139847127932E-002 -2.772223797290784E-002 5 7.270370078847833E-003 7.321779788904856E-003 6 -1.408308562640829E-002 -1.410395865692929E-002 7 1.575319564945916E-002 1.580248831962550E-002
.725670 -514.208673551618 1.575264081770817E-002 1.575210227571670E-002 1 -4.470960985211369E-003 -4.504922808786842E-003 2 2.219983342569565E-002 2.216583921527965E-002 3 3.098784497945778E-003 2.989659168515358E-003 4 -7.679403370562166E-003 -7.687919556881771E-003 5 2.477442851930478E-002 2.478729246404900E-002 6 1.362681369410029E-002 1.362263664352262E-002 7 3.658728976566362E-002 3.665142164524115E-002
.967560 -514.208678412610 4.222758420552433E-002 4.231072366257761E-002 1 1.912717201695567E-002 1.912437153870731E-002 2 5.278980510795878E-002 5.281844665560634E-002 3 1.600175526255630E-002 1.588526043012014E-002 4 1.310533921648410E-002 1.314927209429356E-002 5 4.191356717148993E-002 4.196165928575325E-002 6 4.204785835629419E-002 4.212182429824091E-002 7 5.698976050937281E-002 5.709489185260196E-002
1.209450 -514.208688168427 6.688782829441658E-002 6.701558104768889E-002 1 4.180380605729698E-002 4.180500790337145E-002 2 8.120795063676990E-002 8.127121866235723E-002 3 2.851091588497840E-002 2.839758014925609E-002 4 3.302847565283925E-002 3.306782641526435E-002 5 5.729988366440307E-002 5.735921745477486E-002 6 6.838797104473378E-002 6.850210173107521E-002 7 7.503698226118738E-002 7.515225241641339E-002
1.451340 -514.208700009921 8.888414625005155E-002 8.900791362982645E-002 1 6.199084733183045E-002 6.201609772829932E-002 2 0.105469946575639 0.105513141744076 3 4.048278218104542E-002 4.036475944406953E-002 4 5.075647107282796E-002 5.077882144924294E-002 5 6.993383419513641E-002 6.994912746239966E-002 6 9.033114836960834E-002 9.043258067668854E-002 7 8.938610284496473E-002 8.947362660138344E-002
1.693230 -514.208717668574 0.107378526850491 0.107568006797533 1 7.856766635545054E-002 7.861168849869449E-002 2 0.124408348109044 0.124486309193115 3 5.149813218657081E-002 5.142861569713795E-002 4 6.546152511739965E-002 6.549331425568296E-002 5 7.954437926911451E-002 7.953812384615645E-002 6 0.106373317160926 0.106523727580608 7 9.953211771228927E-002 9.962989077405940E-002
1.935120 -514.208739742878 0.121530226566310 0.121753014800912 1 9.102101633339706E-002 9.105026181005561E-002 2 0.137748579415430 0.137800719934930 3 6.100678674152392E-002 6.099935387232915E-002 4 7.686706327384805E-002 7.686648975197355E-002 5 8.669440309732500E-002 8.660381683932203E-002 6 0.115822353713328 0.115987958412458 7 0.105732569856739 0.105793429645019
2.177010 -514.208766080801 0.130696558265791 0.130940673469354 1 9.934818172046631E-002 9.942182179357316E-002 2 0.145876385846014 0.145959805310879 3 6.843348930280461E-002 6.848782652810657E-002 4 8.504695417736510E-002 8.507920764019739E-002 5 9.261824035749115E-002 9.245783290942872E-002 6 0.118596415370754 0.118789816488380 7 0.108651508127676 0.108713169864890
2.418900 -514.208789594807 0.134555542419961 0.134710780284418 1 0.103768545261071 0.103853180673040 2 0.149423989535456 0.149540352462468 3 7.320765737635071E-002 7.334456296939551E-002 4 9.013454209980908E-002 9.020570095276603E-002 5 9.856751408324298E-002 9.842905195881872E-002 6 0.115133947947547 0.115303554159320 7 0.108990553802893 0.109059559817926
2.660790 -514.208798753344 0.133191410967339 0.133120990746290 1 0.104472518953418 0.104631241836488 2 0.148912926597676 0.149078640092960 3 7.474162886775353E-002 7.493983557041863E-002 4 9.210243730167761E-002 9.223755287578674E-002 5 0.104605487688087 0.104678943227896 6 0.106835014629498 0.106849085537706 7 0.107200466278478 0.107307804890859
2.902680 -514.208799955124 0.127168449326152 0.126998511470164 1 0.101491366261366 0.101688690128963 2 0.144588354094975 0.144818479941773 3 7.248608191073906E-002 7.274980648043977E-002 4 9.078102400414730E-002 9.097849560010121E-002 5 0.108714182027799 0.109095186337916 6 9.630738381409679E-002 9.615315102655073E-002 7 0.103306276342889 0.103475330992411
3.144570 -514.208813276165 0.116947131182050 0.116937482410111 1 9.462385748659129E-002 9.486463233913002E-002 2 0.136380940080931 0.136633403560455 3 6.602630039164949E-002 6.632399185187846E-002 4 8.603909585960821E-002 8.624450485100127E-002 5 0.107589667113422 0.108154075384872 6 8.600091409067204E-002 8.584238232187787E-002 7 9.686502705899640E-002 9.709582559556930E-002
3.386460 -514.208857923467 0.102625201224847 0.102972648363395 1 8.339707900089063E-002 8.377675788912464E-002 2 0.123909429164040 0.124280060305650 3 5.510599537973620E-002 5.545837317663435E-002 4 7.805644502951650E-002 7.828004128059869E-002 5 9.818694330912894E-002 9.894704473104887E-002 6 7.622570983746550E-002 7.633399168546744E-002 7 8.701256720258180E-002 8.739161415214830E-002
3.628350 -514.208913056079 8.371336666905105E-002 8.415779551866234E-002 1 6.710868708758765E-002 6.753882854239918E-002 2 0.106536240465075 0.106980804938765 3 3.974418496285161E-002 4.010739110257259E-002 4 6.704316481557629E-002 6.750018733446327E-002 5 7.834555299769907E-002 7.902738371933339E-002 6 6.491907404966432E-002 6.527100440780478E-002 7 7.261694750489674E-002 7.308766239169991E-002
3.870240 -514.208971157175 5.970058170634376E-002 6.019842966535526E-002 1 4.503396760470177E-002 4.557859215048639E-002 2 8.358543582195167E-002 8.413526671280874E-002 3 2.062155835287809E-002 2.095991651731977E-002 4 4.995909109804943E-002 5.124813415394821E-002 5 4.940092978182965E-002 4.948955904718667E-002 6 4.915813371283846E-002 4.975160959734625E-002 7 5.256231389508852E-002 5.316017182265906E-002
4.112130 -514.209040184142 2.988026315897813E-002 3.060465148074628E-002 1 1.679895576642149E-002 1.743803360559574E-002 2 5.472248367017242E-002 5.536256778488223E-002 3 -6.384650191546701E-004 -2.532419018616212E-004 4 2.049588199632901E-002 2.177443732167552E-002 5 1.627168139585186E-002 1.649014376191833E-002 6 2.680305263248406E-002 2.754265578229900E-002 7 2.602002257594907E-002 2.674404975176150E-002
4.354020 -514.209068749257 -6.035876246496003E-003 -5.467775893087990E-003 1 -1.710878881816877E-002 -1.643408093502070E-002 2 2.043803937513241E-002 2.114132607886279E-002 3 -2.282790180970744E-002 -2.198885422125184E-002 4 -2.208875374872587E-002 -2.157089797744755E-002 5 -1.861781895806112E-002 -1.803050784307135E-002 6 -2.620665076910832E-003 -1.811212857343030E-003 7 -7.161798153619839E-003 -6.360816936986705E-003
4.595910 -514.209052772652 -4.597820059954960E-002 -4.541533161246157E-002 1 -5.443890954773071E-002 -5.377723767338657E-002 2 -1.703979863322448E-002 -1.636206442530213E-002 3 -4.686841627949984E-002 -4.559704852939508E-002 4 -6.751566772525359E-002 -6.823712859229604E-002 5 -5.629820479264220E-002 -5.506671108249311E-002 6 -3.726261818308284E-002 -3.644332593296466E-002 7 -4.547122807550046E-002 -4.467641763100214E-002
4.837800 -514.209009143598 -8.450942470319767E-002 -8.363532521338166E-002 1 -8.985402504709281E-002 -8.929535215505444E-002 2 -5.243165019230919E-002 -5.187256665297027E-002 3 -7.172733104855521E-002 -7.064721010536733E-002 4 -9.699833118582217E-002 -9.783769257601084E-002 5 -9.872163392349911E-002 -9.759965582424661E-002 6 -7.218679661535989E-002 -7.144871338120741E-002 7 -8.411130984036330E-002 -8.348284209504649E-002
5.079690 -514.208861559108 -0.112522992714712 -0.112317736649606 1 -0.113698366083155 -0.113410806045121 2 -7.626622073801642E-002 -7.597160250975983E-002 3 -8.868602987797333E-002 -8.809101518993491E-002 4 -0.103318471283219 -0.102022882448472 5 -0.130817743599276 -0.132161155737371 6 -9.862424490845331E-002 -9.810814670281212E-002 7 -0.113499148032767 -0.113227818397649
5.321580 -514.208704859040 -0.115636667507853 -0.115493045184627 1 -0.113119419642036 -0.113036716145787 2 -7.607674539817144E-002 -7.597051228997762E-002 3 -8.369638350349537E-002 -8.342212443458447E-002 4 -8.759634648433377E-002 -8.712655146569098E-002 5 -0.126001200395607 -0.126429853174305 6 -0.104361682728548 -0.104239764736212 7 -0.120116879543917 -0.120142443757451
5.563470 -514.208568393539 -8.266614805272865E-002 -8.297512906897642E-002 1 -7.827411818475748E-002 -7.822659498912909E-002 2 -4.270218036463410E-002 -4.266300073806333E-002 3 -4.620930762025587E-002 -4.607710056627867E-002 4 -4.219015233280101E-002 -4.196188279366592E-002 5 -7.682955452312752E-002 -7.651961033251120E-002 6 -7.725960659463442E-002 -7.770362782699630E-002 7 -9.046269951210358E-002 -9.195699539474662E-002
5.805360 -514.208585219452 -1.901033961714831E-002 -1.865902513524368E-002 1 -1.586121908354238E-002 -1.564745241122179E-002 2 1.654268147694435E-002 1.675859404046309E-002 3 1.696851148609011E-002 1.723787332815543E-002 4 2.680112163559706E-002 2.717262152746002E-002 5 1.400775091776082E-004 8.911599253153960E-004 6 -1.867527970350747E-002 -1.901925708568511E-002 7 -7.609382476748891E-003 3.501921513657244E-003
6.047250 -514.208707915893 4.746318839683478E-002 4.770758405333077E-002 1 4.573361445006931E-002 4.615737797959493E-002 2 7.351981992746627E-002 7.393767993046164E-002 3 7.742549915428390E-002 7.786970017713786E-002 4 9.031604004177129E-002 9.084190006302717E-002 5 7.038750690564714E-002 7.116138974119766E-002 6 4.517700670574105E-002 4.532780085754659E-002 7 8.055302323199440E-002 8.109551362710786E-002
6.289140 -514.208901402530 8.552173322168986E-002 8.586574356967654E-002 1 7.715520515552324E-002 7.749517684970918E-002 2 0.100021533906556 0.100374966676631 3 0.106529222001105 0.106896576012554 4 0.119987279802477 0.120431165747890 5 0.104389727607759 0.104937645011164 6 8.182606972062874E-002 8.214119290406492E-002 7 0.115292344167078 0.115654826316357
6.531030 -514.209081531497 8.586299349621190E-002 8.606247956153190E-002 1 7.098504139708786E-002 7.116470397008463E-002 2 8.966401478526738E-002 8.983355687673091E-002 3 9.787460008999739E-002 9.804808869069001E-002 4 0.110511119144785 0.110708110014287 5 9.744206027981918E-002 9.769455980437679E-002 6 8.066316864200028E-002 8.085677550302178E-002 7 0.111963649230486 0.112125356187120
6.772920 -514.209169819021 5.660734863569202E-002 5.633300588178004E-002 1 3.703832743584552E-002 3.691363837686330E-002 2 5.254692837951706E-002 5.244046016876982E-002 3 6.183415631848819E-002 6.173454563285422E-002 4 7.316430038772626E-002 7.309622310206297E-002 5 6.152953436742304E-002 6.144882118226395E-002 6 5.106001467377633E-002 5.068513833329637E-002 7 8.091213538586930E-002 8.102898686634613E-002
7.014810 -514.209264173141 1.410374325187320E-002 1.458742539612070E-002 1 -1.089389950154077E-002 -1.116242338706110E-002 2 2.293104398287364E-003 2.029531525030830E-003 3 1.232323696470580E-002 1.205869276812501E-002 4 2.230869651995326E-002 2.205327918675002E-002 5 1.153069710342268E-002 1.127289155869056E-002 6 2.164675374308858E-002 1.796606387934665E-002 7 2.215777219469603E-002 2.521981935435431E-002
7.256700 -514.209188298164 -4.066336624087529E-002 -4.118582928870953E-002 1 -6.127877105091569E-002 -6.162771735941086E-002 2 -4.979520874322276E-002 -5.013431014098890E-002 3 -3.921228946957454E-002 -3.955559982974199E-002 4 -3.035062994613509E-002 -3.068667814623622E-002 5 -4.062872577019555E-002 -4.098744777895711E-002 6 -5.456534221877802E-003 -4.913201657908558E-003 7 -4.220895928583358E-002 -4.359635583222340E-002
7.498590 -514.209070364037 -8.299164102896514E-002 -8.339846710693448E-002 1 -0.104736752537915 -0.105143151748611 2 -9.461801542173703E-002 -9.501395206365822E-002 3 -8.349000487146549E-002 -8.389119856702131E-002 4 -7.562916649579739E-002 -7.602014527482030E-002 5 -8.536675545762844E-002 -8.577939889736853E-002 6 -3.566280507753117E-002 -3.620138065543067E-002 7 -8.697687347459802E-002 -8.741819984372026E-002
7.740480 -514.208929035268 -0.111139129194148 -0.111557097064739 1 -0.132976250628121 -0.133409531589407 2 -0.124143177721051 -0.124566259180960 3 -0.112408808486199 -0.112843399830691 4 -0.105455862730734 -0.105876090601699 5 -0.114454107788659 -0.114905396691892 6 -4.976449254080666E-002 -5.030448818691943E-002 7 -0.114704989704918 -0.115137511062281
7.982370 -514.208801215144 -0.116357548228783 -0.116775686944383 1 -0.139330299401419 -0.139739456071985 2 -0.131876307744275 -0.132285937909880 3 -0.119468606997943 -0.119912751432708 4 -0.113437632790045 -0.113861983897526 5 -0.120562478114230 -0.121441166387786 6 -4.131638486557074E-002 -4.133995686136607E-002 7 -0.120573271649239 -0.121008015273525
8.224260 -514.208723961674 -9.729880531431020E-002 -9.763810189716118E-002 1 -0.121093458842246 -0.121461381623770 2 -0.115242787925813 -0.115607592879426 3 -0.102067780911619 -0.102491429320040 4 -9.723692530383823E-002 -9.760544374767363E-002 5 -5.250050488575860E-002 -5.535922536993381E-002 6 -5.928025587330597E-002 -5.702728117372351E-002 7 -0.102069289995004 -0.102437641433680
8.466150 -514.208716626234 -6.109761426342017E-002 -6.132104439903181E-002 1 -8.411982656120515E-002 -8.435148452184341E-002 2 -8.007971000702073E-002 -8.031131656790838E-002 3 -6.581969069019394E-002 -6.621026669650963E-002 4 -6.305069275080843E-002 -6.328406630968195E-002 5 3.708339074073029E-002 3.758972889632493E-002 6 -6.721108503524853E-002 -6.790772867706234E-002 7 -6.518152425659855E-002 -6.542445774241426E-002
8.708040 -514.208765861887 -1.958075316081908E-002 -1.976150157764560E-002 1 -4.254547827286673E-002 -4.273546751724651E-002 2 -4.041973197966814E-002 -4.061512577492953E-002 3 -2.377352474128948E-002 -2.442404389433915E-002 4 -2.487817291376553E-002 -2.508222540415903E-002 5 7.914657887411002E-002 7.958643374326821E-002 6 -2.826843710881388E-002 -2.850361752887524E-002 7 -2.414306073228790E-002 -2.436030669122029E-002
8.949930 -514.208884482709 8.062052108237721E-003 8.388956153188021E-003 1 -1.137184918338620E-002 -1.160657530494577E-002 2 -1.103299609110843E-002 -1.126334143844707E-002 3 1.334284963793178E-002 1.151003274502932E-002 4 4.728471521006090E-002 4.181051275827443E-002 5 5.248259457520171E-002 5.922609627881941E-002 6 8.931868201651540E-004 6.511159300382369E-004 7 6.236274107713008E-003 5.991809175262141E-003
9.191820 -514.208952178695 1.664546718148747E-002 1.634894330810686E-002 1 2.630567116982353E-003 2.298425166584946E-003 2 1.570388524405811E-003 1.252579582520594E-003 3 4.862935875423680E-002 4.581348419436206E-002 4 7.847309668887045E-002 8.076947953270605E-002 5 1.351626300402384E-002 1.318704336401756E-002 6 1.294216689967563E-002 1.260713378788153E-002 7 1.961062257194454E-002 1.926605219904003E-002
9.433710 -514.208999726161 1.389644954812556E-002 1.361656382130159E-002 1 1.560275159001910E-003 1.214834428746612E-003 2 -6.494272358188921E-004 -9.923602052096289E-004 3 7.332433648950519E-002 7.496510111327623E-002 4 3.871562674677927E-002 3.641325083863556E-002 5 9.464389392059890E-003 9.114325981045323E-003 6 1.000957077506821E-002 9.643699286814128E-003 7 1.828853799464608E-002 1.791242687915365E-002
9.675600 -514.209002358020 2.707540725531990E-003 2.182974918688053E-003 1 -8.934592419990351E-003 -9.408442565088654E-003 2 -1.208413907318497E-002 -1.254890479545120E-002 3 7.194082500635687E-002 7.231628025504215E-002 4 6.065039236565334E-003 4.802028051024524E-003 5 -3.732894463797102E-003 -4.177564798445265E-003 6 -2.179663972372475E-003 -2.655722932362054E-003 7 8.124087695248807E-003 7.630258655097442E-003
9.917490 -514.208986899113 -1.102062723746232E-002 -1.150856041739291E-002 1 -2.339299123005489E-002 -2.382981896106032E-002 2 -2.731799057265615E-002 -2.775087172602857E-002 3 5.272663097603789E-002 5.253484809227536E-002 4 -1.620523554251705E-002 -1.685203799298202E-002 5 -2.066460986530526E-002 -2.108696308784110E-002 6 -1.810872008582739E-002 -1.857610504762516E-002 7 -5.267733123600959E-003 -5.753883877581704E-003
10.159380 -514.208960783398 -2.345234834353396E-002 -2.389365056241292E-002 1 -3.791375326272305E-002 -3.831149666386350E-002 2 -4.249106128716202E-002 -4.290079914908582E-002 3 2.965365653404012E-002 2.931246411362451E-002 4 -3.428613854276144E-002 -3.476974046861951E-002 5 -3.749849701393982E-002 -3.790666898514770E-002 6 -3.380495603603711E-002 -3.424220091943782E-002 7 -1.788403916974580E-002 -1.833193858590981E-002
10.401270 -514.208927663159 -3.182587820447220E-002 -3.225786931501533E-002 1 -5.014801172035192E-002 -5.057164947073280E-002 2 -5.529842839964634E-002 -5.570896649462877E-002 3 7.740490826986433E-003 7.388714619094847E-003 4 -4.881784741777401E-002 -4.926307943144454E-002 5 -5.197585324998721E-002 -5.237701663357030E-002 6 -4.678733352294455E-002 -4.725378087917137E-002 7 -2.739566871439201E-002 -2.783817861818231E-002
10.643160 -514.208904219480 -3.466049001677775E-002 -3.493625189974815E-002 1 -5.888840958460704E-002 -5.912695691786461E-002 2 -6.458156795967555E-002 -6.483312049033246E-002 3 -1.137170491919015E-002 -1.163492904925129E-002 4 -5.943849197249111E-002 -5.973753296893253E-002 5 -6.296342765085744E-002 -6.324016509047754E-002 6 -5.556680868190399E-002 -5.596062801360030E-002 7 -3.289348465705737E-002 -3.315100756160019E-002
10.885050 -514.208883380965 -3.235320023445588E-002 -3.259316116112224E-002 1 -6.368077957350156E-002 -6.396464250032796E-002 2 -6.991727139625843E-002 -7.019619319079916E-002 3 -2.725030404575379E-002 -2.751975614398195E-002 4 -6.598237730017303E-002 -6.629776513869777E-002 5 -7.002750061410228E-002 -7.031967105276236E-002 6 -5.905033642397250E-002 -5.955196089566756E-002 7 -3.475386738592216E-002 -3.488294969977419E-002
11.126940 -514.208870088889 -2.730097512925148E-002 -2.745104022549117E-002 1 -6.460152511868376E-002 -6.479856287538911E-002 2 -7.139945969657112E-002 -7.160900671605266E-002 3 -3.997155074670558E-002 -4.015600789596808E-002 4 -6.853841113294115E-002 -6.877653829939090E-002 5 -7.314417156867660E-002 -7.337504652355369E-002 6 -5.607662192351810E-002 -5.667050023211560E-002 7 -3.478101990486129E-002 -3.462238106314562E-002
11.368830 -514.208855330698 -2.257024701659176E-002 -2.275052098963225E-002 1 -6.208603905401721E-002 -6.229129258176409E-002 2 -6.944339820280615E-002 -6.965848954600996E-002 3 -4.980660270696605E-002 -4.999010757121049E-002 4 -6.732833276102683E-002 -6.757879818960322E-002 5 -7.247034753050598E-002 -7.273674880518954E-002 6 -4.564640068676304E-002 -4.623083317327274E-002 7 -3.578712055972736E-002 -3.546850533154568E-002
11.610720 -514.208846247312 -1.969228613865392E-002 -1.980876397097750E-002 1 -5.665396719312496E-002 -5.676869456785037E-002 2 -6.453213130997991E-002 -6.464999266327125E-002 3 -5.702153053426939E-002 -5.715145538956687E-002 4 -6.247995015281511E-002 -6.268480001078899E-002 5 -6.799959139744041E-002 -6.827232602710552E-002 6 -2.918451958300513E-002 -2.918142819380211E-002 7 -3.896456531005385E-002 -3.888869510580894E-002
11.852610 -514.208844450462 -1.810055553344334E-002 -1.813193135850903E-002 1 -4.867680239486299E-002 -4.878160931778801E-002 2 -5.703317227329074E-002 -5.714592318715110E-002 3 -6.176129527553924E-002 -6.188119208510798E-002 4 -5.380956384480164E-002 -5.406597796877562E-002 5 -5.903926752930606E-002 -5.949206364714914E-002 6 -1.267298056888414E-002 -1.196212091087802E-002 7 -4.161851073492245E-002 -4.190596907405477E-002
12.094500 -514.208828449634 -1.630861085847594E-002 -1.655863838825655E-002 1 -3.835826521312845E-002 -3.851889690814866E-002 2 -4.718475894601350E-002 -4.734274258131756E-002 3 -6.400342763143527E-002 -6.418098514108111E-002 4 -4.074111737181596E-002 -4.113215917418032E-002 5 -4.380193461537886E-002 -4.454485885627572E-002 6 -3.799955059776768E-003 -2.693500459623257E-003 7 -4.026066059726643E-002 -4.059964257528445E-002
12.336390 -514.208811342772 -1.299861515647865E-002 -1.326641289965783E-002 1 -2.582974159976315E-002 -2.586004072095313E-002 2 -3.517436841886706E-002 -3.521800904340814E-002 3 -6.351029600991959E-002 -6.365264481735738E-002 4 -2.266740470331133E-002 -2.300778584294173E-002 5 -2.204790706413904E-002 -2.203726261908539E-002 6 -5.693309961669584E-003 -5.142078382474667E-003 7 -3.410182613429167E-002 -3.426443290391690E-002
12.578280 -514.208832123170 -6.678296598573774E-003 -6.361408723485436E-003 1 -1.131956818099741E-002 -1.142646793140599E-002 2 -2.126739474298501E-002 -2.137279609922935E-002 3 -5.972392100535255E-002 -5.998461150419142E-002 4 -5.497007427962829E-004 -6.829623720532020E-004 5 -9.550927410114488E-004 8.069540608454880E-006 6 -1.108808348119693E-002 -1.182730678812641E-002 7 -2.408840843517017E-002 -2.424694881282661E-002
12.820170 -514.208848764685 1.974864956403971E-003 2.234342214774246E-003 1 4.674114226563054E-003 4.668152031647731E-003 2 -5.966231373647822E-003 -5.983969767614569E-003 3 -5.144325201206942E-002 -5.184059002802856E-002 4 2.078932995751676E-002 2.130202655279056E-002 5 1.256132559135547E-002 1.306363611902332E-002 6 -1.011958090490313E-002 -1.069139521401465E-002 7 -1.143589288298327E-002 -1.148446480306299E-002
13.062060 -514.208856252437 1.211662987307518E-002 1.221556550020202E-002 1 2.147594419922462E-002 2.146644503673438E-002 2 1.008045106181405E-002 1.005564987636954E-002 3 -3.623198275226470E-002 -3.694235503116037E-002 4 3.354317662332165E-002 3.453044360631226E-002 5 2.162576650606165E-002 2.162711072723062E-002 6 -1.778855603782143E-003 -2.068109316470173E-003 7 2.780079940778862E-003 2.754268983585093E-003
13.303950 -514.208865552049 2.330971020282402E-002 2.341607756766785E-002 1 3.823909818825615E-002 3.827250381372536E-002 2 2.607061154645061E-002 2.610385246372378E-002 3 -1.093041389852951E-002 -1.170379529168403E-002 4 3.139009507050572E-002 3.241254414816721E-002 5 3.127153844855432E-002 3.123000709367381E-002 6 1.022770921819889E-002 1.010300065325398E-002 7 1.752030665152525E-002 1.752892703368156E-002
13.545840 -514.208859725054 3.497225329462039E-002 3.482006981700551E-002 1 5.406919650107678E-002 5.404246098587809E-002 2 4.116112656899131E-002 4.113675080051842E-002 3 2.349682265245868E-002 2.364689361816459E-002 4 1.517657692267010E-002 1.510310567989568E-002 5 4.223362154809096E-002 4.217716666006947E-002 6 2.322965405179241E-002 2.311121333005243E-002 7 3.176273161556552E-002 3.173693261373118E-002
13.787730 -514.208851920432 4.608182387387739E-002 4.589265059754146E-002 1 6.818442216326143E-002 6.823352869823432E-002 2 5.460980826217991E-002 5.464671279460010E-002 3 5.751094302491514E-002 5.857522714867653E-002 4 -4.470605478910524E-003 -5.509265056077818E-003 5 5.322538886627690E-002 5.327764440578851E-002 6 3.564800911521489E-002 3.561187921594191E-002 7 4.459059466361937E-002 4.462313691392672E-002
14.029620 -514.208856009486 5.484413006303031E-002 5.483863449546059E-002 1 8.002205480349864E-002 8.003787582696474E-002 2 6.587620135212809E-002 6.588575868161756E-002 3 8.144690019145852E-002 8.231154163847687E-002 4 -1.610284254070832E-002 -1.734323246313045E-002 5 6.231791684590656E-002 6.267090957718727E-002 6 4.645838734132243E-002 4.643638394174285E-002 7 5.524981241667430E-002 5.530357273096835E-002
14.271510 -514.208889702994 5.886390726671484E-002 5.926817665447932E-002 1 8.926949447836782E-002 8.937415784982891E-002 2 7.466330935523802E-002 7.473664710770073E-002 3 9.427659524598074E-002 9.482636792860231E-002 4 1.814068914453477E-002 1.037668070260026E-003 5 3.297547919627843E-002 4.956874368547901E-002 6 5.489375310553076E-002 5.497126304023388E-002 7 6.313986587394715E-002 6.325793986003535E-002
14.513400 -514.208958790386 5.887902825332837E-002 6.003714763665946E-002 1 9.581885997143502E-002 9.583453186915809E-002 2 8.078428974537209E-002 8.080671405747454E-002 3 9.935754835562971E-002 9.963687362009981E-002 4 6.754570367737693E-002 7.323231301936078E-002 5 -6.448007786981386E-003 -1.268471224329814E-002 6 5.996766377569430E-002 6.014126253605508E-002 7 6.760484524667824E-002 6.774725633619910E-002
14.755290 -514.208981983254 5.390942613302645E-002 5.415039992514180E-002 1 9.949493743075583E-002 9.959907861581395E-002 2 8.442297179789178E-002 8.450455253478896E-002 3 9.921684948815959E-002 9.943828622539089E-002 4 8.092715642487057E-002 8.115433628893934E-002 5 -4.386614008351639E-003 -5.580507882694378E-003 6 5.941300639802059E-002 6.017360001239332E-002 7 6.795492867787466E-002 6.823711344171732E-002
14.997180 -514.209016900062 5.101011598924358E-002 5.137776408624170E-002 1 0.100399678839402 0.100524486036160 2 8.537952189518597E-002 8.549418383889996E-002 3 9.528374970864019E-002 9.545466333394370E-002 4 8.235414031278884E-002 8.250344931059750E-002 5 1.948518023009111E-002 1.844331742535245E-002 6 4.813283680062674E-002 4.887029839323878E-002 7 6.273821859825919E-002 6.317275610750461E-002
15.239070 -514.209033120966 5.033378005377047E-002 5.040707288236520E-002 1 9.835033415147944E-002 9.849458033560993E-002 2 8.358961216293641E-002 8.371855420286115E-002 3 8.820122684992555E-002 8.837513457764631E-002 4 8.061689126634256E-002 8.076239635879374E-002 5 4.525075947024784E-002 4.745676588296325E-002 6 3.645790648206974E-002 3.426830355001807E-002 7 5.115324485501943E-002 5.137797834426024E-002
15.480960 -514.209028625128 5.284472826398950E-002 5.261473407243204E-002 1 9.323289371612359E-002 9.338861341254294E-002 2 7.890237421079686E-002 7.906545838805851E-002 3 7.827507105562319E-002 7.845600884849971E-002 4 7.581260367615401E-002 7.598856595127586E-002 5 5.476287504041543E-002 5.556783554905605E-002 6 3.804222699032853E-002 3.808219052191840E-002 7 3.655978827669781E-002 3.583612064214101E-002
15.722850 -514.208815553700 6.242446805671218E-002 5.960406074912328E-002 1 8.488269053622610E-002 8.504790460421492E-002 2 7.107890430766781E-002 7.124453551163748E-002 3 6.559421020891003E-002 6.577276949382102E-002 4 6.775831479294483E-002 6.793490632213048E-002 5 5.032203328087467E-002 5.063271173969881E-002 6 4.317114870390296E-002 4.393272463077965E-002 7 3.894257022625793E-002 3.282810830670839E-002
15.964740 -514.208958672771 6.173054953153426E-002 6.330299960868939E-002 1 7.227201123894825E-002 7.247815561606766E-002 2 5.924298518826687E-002 5.944545853335312E-002 3 4.992323802820312E-002 5.013990172207360E-002 4 5.566360406027513E-002 5.587364076123422E-002 5 3.912435447516763E-002 3.936435838885441E-002 6 3.980047930332659E-002 4.040387969918287E-002 7 4.712347221521421E-002 5.030362003061574E-002
16.206630 -514.208991995718 4.428702545022506E-002 4.458388153917753E-002 1 5.595069079216131E-002 5.621164647082674E-002 2 4.385575910937056E-002 4.410385440221777E-002 3 3.099264395179671E-002 3.122205514260955E-002 4 3.988886762807784E-002 4.013926543362606E-002 5 2.351491139764283E-002 2.375481289142648E-002 6 2.829288879699420E-002 2.875249826902813E-002 7 3.828755298652682E-002 3.864213733300153E-002
16.448520 -514.209013642295 2.135719495895807E-002 2.160240058360385E-002 1 3.658183966987007E-002 3.680918452132836E-002 2 2.550385626182694E-002 2.573113170055945E-002 3 9.026049699011926E-003 9.254293287592988E-003 4 2.092014071381425E-002 2.115435283476575E-002 5 4.473028714299558E-003 4.687004832945253E-003 6 1.114960499903529E-002 1.147436319967668E-002 7 2.074920122438512E-002 2.099781823959684E-002
16.690410 -514.209021992728 -3.015698554820774E-003 -2.780286947131509E-003 1 1.519587106629934E-002 1.541927139401801E-002 2 5.237636405907129E-003 5.455724564932227E-003 3 -1.508928345215027E-002 -1.490177903859718E-002 4 -3.285146877292049E-004 -1.036803663503559E-004 5 -1.686066181339965E-002 -1.667298530526791E-002 6 -9.400780116525067E-003 -9.128647033835022E-003 7 1.106699780919133E-003 1.337954207617117E-003
16.932300 -514.209009643168 -2.563020990542937E-002 -2.542953599922359E-002 1 -6.162051826980213E-003 -5.982726429651457E-003 2 -1.488618834490324E-002 -1.472430773027240E-002 3 -3.939013613065045E-002 -3.926318014125639E-002 4 -2.201358732545728E-002 -2.182728603693233E-002 5 -3.841026287251485E-002 -3.828759503848071E-002 6 -3.069610535720342E-002 -3.049928078681880E-002 7 -1.833180286924705E-002 -1.813725326881872E-002
17.174190 -514.208967086332 -4.221849949216295E-002 -4.213527564623459E-002 1 -2.406095979878740E-002 -2.403249386688061E-002 2 -3.145572296779619E-002 -3.142944633070600E-002 3 -6.036437135956869E-002 -6.038372765076286E-002 4 -4.102172875639231E-002 -4.094984945276491E-002 5 -5.668220931304881E-002 -5.669730919776610E-002 6 -4.892283487820066E-002 -4.889039223755404E-002 7 -3.409274979114974E-002 -3.403171315153455E-002
17.416080 -514.208900537251 -4.799440517900273E-002 -4.800736594128017E-002 1 -3.373528767400972E-002 -3.379414082677622E-002 2 -3.975845806872377E-002 -3.984123552651176E-002 3 -7.284949190216788E-002 -7.301270214144806E-002 4 -5.307488375809900E-002 -5.309716085119692E-002 5 -6.670632874907544E-002 -6.686300296294229E-002 6 -5.897448992322490E-002 -5.905240124941122E-002 7 -4.143938775608492E-002 -4.145973458106465E-002
17.657970 -514.208825714884 -3.929942971395173E-002 -3.937618087796275E-002 1 -3.025369592672687E-002 -3.037961065737087E-002 2 -3.497257575061473E-002 -3.510958903850880E-002 3 -7.103140134978131E-002 -7.127436857208934E-002 4 -5.386343806358365E-002 -5.392621348129852E-002 5 -6.303461774884092E-002 -6.328778218564488E-002 6 -5.552216511190838E-002 -5.566485178930126E-002 7 -3.563815978738592E-002 -3.567651500379783E-002
17.899860 -514.208762362909 -1.638709159112528E-002 -1.651069092734787E-002 1 -1.142094154126885E-002 -1.152283195179571E-002 2 -1.506417053831034E-002 -1.516360821524801E-002 3 -5.144364607578149E-002 -5.165461138276086E-002 4 -4.161331852627499E-002 -4.167285072830568E-002 5 -4.239701209604493E-002 -4.272606772431699E-002 6 -3.585057016787352E-002 -3.600177814065088E-002 7 -1.516488752171258E-002 -1.507014953668047E-002
18.141750 -514.208714223240 1.444353304457830E-002 1.412659551773384E-002 1 1.902550836785905E-002 1.895181740813666E-002 2 1.610735595339294E-002 1.603352596507948E-002 3 -1.686483443516373E-002 -1.696852101552247E-002 4 -1.960581585723592E-002 -1.971915903221989E-002 5 -6.490502555834827E-003 -7.014768887429333E-003 6 -3.166959403453524E-003 -3.271298505728592E-003 7 1.452209020262952E-002 1.482492551194842E-002
18.383640 -514.208703482522 4.290671741453843E-002 4.261896054788386E-002 1 5.157598058800031E-002 5.166544939452240E-002 2 4.904766328234329E-002 4.914034091010981E-002 3 2.285605427029657E-002 2.302875449216428E-002 4 4.454476323648314E-003 4.343489982960826E-003 5 3.773433699896529E-002 3.751133614374610E-002 6 3.219459315530095E-002 3.257794871905864E-002 7 4.250290327234948E-002 4.249904013092416E-002
18.625530 -514.208771321298 6.093170896062169E-002 6.122996887144551E-002 1 7.595864675382379E-002 7.611320561392373E-002 2 7.363384046022320E-002 7.380364849917355E-002 3 5.571315625307311E-002 5.604090846825608E-002 4 2.280119891316878E-002 2.263883964498489E-002 5 7.767929373948522E-002 7.848153941349260E-002 6 5.797351065239540E-002 5.811961630921019E-002 7 6.225911648527055E-002 6.172367965454240E-002
18.867420 -514.208852444515 6.655238157006829E-002 6.680931923386439E-002 1 8.647494216112669E-002 8.663219954948341E-002 2 8.432575924028479E-002 8.448148114762254E-002 3 7.418163039216133E-002 7.453023674168270E-002 4 3.175022466020158E-002 3.150270057731887E-002 5 0.101444893119202 0.102023356157444 6 6.852049966270578E-002 6.864726247345546E-002 7 7.280691017421821E-002 7.261574999818356E-002
19.109310 -514.208920552858 6.292102826775596E-002 6.305715211171332E-002 1 8.314270568121349E-002 8.324061503063600E-002 2 8.127416772147417E-002 8.137624712008099E-002 3 7.736873953998996E-002 7.761240859426996E-002 4 3.237190472529495E-002 3.196526480029414E-002 5 0.107290058285281 0.107636450181662 6 6.454937622596063E-002 6.468469269241554E-002 7 7.303346452241426E-002 7.309811347269314E-002
19.351200 -514.208881174397 5.311013380885635E-002 5.221194940644575E-002 1 6.944236182174218E-002 6.948494030555098E-002 2 6.804358283231765E-002 6.808102043900092E-002 3 6.868210866196656E-002 6.882382072139072E-002 4 3.012574541515236E-002 2.887785902632002E-002 5 9.807471450015778E-002 9.917161696521914E-002 6 5.653704795939087E-002 5.198508703789684E-002 7 5.589290774080126E-002 6.064271553318020E-002
19.593090 -514.209180968682 4.494099793378582E-002 4.748410594133091E-002 1 4.955099573367273E-002 4.955849531453427E-002 2 4.881976964483341E-002 4.884623221415198E-002 3 5.258896380599325E-002 5.267572733530529E-002 4 4.584008353651137E-002 4.244654673730906E-002 5 6.032341221075286E-002 6.375746682118841E-002 6 4.612946978796512E-002 4.755691493576514E-002 7 2.697677937637125E-002 2.560443920163422E-002
19.834980 -514.209043215152 3.252265610226997E-002 3.089679376931642E-002 1 2.587419793052287E-002 2.592695230454659E-002 2 2.592968859861754E-002 2.597690177290130E-002 3 3.199837486020390E-002 3.209546351366967E-002 4 5.992951959720234E-002 6.325956306524688E-002 5 1.616441312162265E-002 1.320304492858819E-002 6 2.784802675496025E-002 2.800914012535238E-002 7 -2.122008698759682E-003 -2.332431683089144E-003
20.076870 -514.209059553130 1.151551196372891E-002 1.157049202947130E-002 1 -3.991345438867640E-004 -2.781282999343171E-004 2 4.143479504457131E-004 5.343659670394718E-004 3 8.294042138808603E-003 8.446168139201635E-003 4 4.619637806128271E-002 4.663027139355481E-002 5 -8.271508398340602E-003 -8.139797014595307E-003 6 4.253849729778200E-003 4.443309691540804E-003 7 -2.988142844790542E-002 -3.000980895046784E-002
20.318760 -514.209093919374 -1.663847218982886E-002 -1.632274999237467E-002 1 -2.967839593059926E-002 -2.942285161477992E-002 2 -2.790450537579862E-002 -2.763135682147154E-002 3 -1.854549243694095E-002 -1.826889067901112E-002 4 2.053945827018453E-002 2.088835866770415E-002 5 -3.015902252009375E-002 -2.975909721738604E-002 6 -2.285123181639269E-002 -2.255101441462459E-002 7 -5.817098085739335E-002 -5.804174757532344E-002
20.560650 -514.209125310322 -5.177797661530230E-002 -5.134181005720534E-002 1 -6.284924309731768E-002 -6.248482160873889E-002 2 -6.003977998178218E-002 -5.967856349106105E-002 3 -4.931982054392487E-002 -4.894435345339053E-002 4 -1.051193412107953E-002 -1.008957560164418E-002 5 -5.710473524437531E-002 -5.663377392434059E-002 6 -5.418401447704393E-002 -5.380392802239708E-002 7 -8.872903929587382E-002 -8.843531345249969E-002
20.802540 -514.209143152434 -9.200276917810515E-002 -9.143927774769878E-002 1 -0.100732489827960 -0.100223362960709 2 -9.681928421224414E-002 -9.630024258487216E-002 3 -8.477252422296663E-002 -8.426073707918326E-002 4 -4.676006517559748E-002 -4.621991081876989E-002 5 -8.983702885588737E-002 -8.927588091653568E-002 6 -9.043217198214530E-002 -8.992617222975052E-002 7 -0.123163619668856 -0.122710983506109
21.044430 -514.209127675009 -0.134843025837457 -0.134217743942517 1 -0.143388374238957 -0.142797657108517 2 -0.138297582728043 -0.137699675676332 3 -0.124869351044004 -0.124273929780830 4 -8.774964426786960E-002 -8.713201265685994E-002 5 -0.127921824872650 -0.127297156299394 6 -0.131504245066771 -0.130927977399446 7 -0.161515862236436 -0.161081488226907
21.286320 -514.209056075729 -0.177174426967528 -0.176622649231694 1 -0.188976721485691 -0.188407162299989 2 -0.182657292944187 -0.182088321883402 3 -0.167591783228309 -0.167023698030224 4 -0.131117648216964 -0.130528304693387 5 -0.169087936082015 -0.168503029484001 6 -0.175338218835379 -0.174801115897799 7 -0.200467455289482 -0.200345120167175
21.528210 -514.208926462195 -0.214009784507764 -0.213586876510883 1 -0.231841567302875 -0.231369782128584 2 -0.224347045144833 -0.223868697318356 3 -0.206968338217122 -0.206510583797340 4 -0.170546880221747 -0.170079179599117 5 -0.207256393431539 -0.206797770194160 6 -0.215956997733586 -0.215530918501998 7 -0.231567366091995 -0.231574692098575
21.770100 -514.208765886292 -0.235936599169540 -0.235675604080186 1 -0.260045896950745 -0.259797083044982 2 -0.251664249276033 -0.251418839678216 3 -0.230660805109240 -0.230432286788029 4 -0.193445209896083 -0.193187582476461 5 -0.230045497754392 -0.229811726905785 6 -0.241038119760129 -0.240840706197520 7 -0.243126288888699 -0.242612277567102
22.011990 -514.208626101253 -0.223176902993491 -0.223188787295066 1 -0.252552511717368 -0.252586389280037 2 -0.243943201269056 -0.244022013417903 3 -0.217420626672994 -0.217491794201144 4 -0.178794797108379 -0.178780652546375 5 -0.216139685494705 -0.216185110068157 6 -0.229306892207754 -0.229404721545017 7 -0.218250600579938 -0.217931424517090
22.253880 -514.208581295852 -0.143402252687967 -0.143396845251824 1 -0.179015640142114 -0.178940669441907 2 -0.171386653600282 -0.171314438673664 3 -0.138055724538188 -0.138051979281170 4 -9.935738726270676E-002 -9.927467154367572E-002 5 -0.136466349678149 -0.136430202536363 6 -0.151225029797046 -0.151197095460243 7 -0.129792180815631 -0.129573031711179
22.495770 -514.208644410697 3.774633150389911E-003 3.621120738723487E-003 1 -3.733772909116749E-002 -3.737582306376629E-002 2 -3.213263612292557E-002 -3.221550995048625E-002 3 4.949482747058230E-003 4.855395441876921E-003 4 3.791480306873126E-002 3.794805916627231E-002 5 6.000536901546346E-003 5.968332806946557E-003 6 -8.117136003836154E-003 -8.206336321254795E-003 7 1.874857641822328E-002 1.884789021233542E-002
22.737660 -514.208783497715 0.123626559254774 0.123314350792093 1 8.456047279799296E-002 8.435975082166064E-002 2 8.739880772279207E-002 8.717922909059546E-002 3 0.121751054685425 0.121499632497185 4 0.143687376947131 0.143537496343673 5 0.121497987568284 0.121285394467734 6 0.110357119117529 0.110121212689322 7 0.135969374400914 0.135831098731644
22.979550 -514.208940654183 0.159727870252272 0.159327496436348 1 0.128715557127032 0.128356354553609 2 0.130568857074038 0.130190659601563 3 0.159813449496310 0.159407905064579 4 0.171797277809565 0.171454681051945 5 0.158443188426329 0.158072507090589 6 0.149998187691967 0.149607144485895 7 0.171951784620951 0.171609655930611
23.221440 -514.209052673445 0.142619590220409 0.141942947889827 1 0.120058708818477 0.119348944873108 2 0.121848280295180 0.121127474120059 3 0.146544945599686 0.145816809628649 4 0.151623131869069 0.150941032650172 5 0.144900554794248 0.144188817241847 6 0.137708469888056 0.136974503695131 7 0.156884498113280 0.156191106418369
23.463330 -514.209101582846 0.106524990010279 0.105688230837625 1 8.884190998465530E-002 8.798211917460604E-002 2 9.081198123363886E-002 8.994051722832326E-002 3 0.111624000867138 0.110745789286765 4 0.112226435205079 0.111366755403720 5 0.110805170890126 0.109933533046097 6 0.103588962003516 0.102694887996979 7 0.121472639450871 0.120585892807594
23.705220 -514.209094103338 6.894571438426125E-002 6.803701519529488E-002 1 5.173146092063681E-002 5.087676916076857E-002 2 5.388580970158696E-002 5.303280407466843E-002 3 7.123229697417501E-002 7.036522597874845E-002 4 6.908913334401345E-002 6.823420275517621E-002 5 7.221406314256419E-002 7.132899166411419E-002 6 6.418028644610797E-002 6.330091865463203E-002 7 8.197361714236071E-002 8.106615155242852E-002
23.947110 -514.209050483086 3.493162186277566E-002 3.404633801723489E-002 1 1.656532175983376E-002 1.576518322020226E-002 2 1.903869393991017E-002 1.823250858625403E-002 3 3.345421760488573E-002 3.263749626308687E-002 4 2.965344704702879E-002 2.885066999476278E-002 5 3.674657433683769E-002 3.592630384447683E-002 6 2.768576147605418E-002 2.683975271573832E-002 7 4.594279224517069E-002 4.513650911352166E-002
24.189000 -514.208997023648 4.869479043656573E-003 4.151116441388468E-003 1 -1.348003522536173E-002 -1.413470948092025E-002 2 -1.032626362805937E-002 -1.098686102751127E-002 3 1.878224404426739E-003 1.213129886632118E-003 4 -3.079214755287293E-003 -3.732439675552052E-003 5 7.535493357880374E-003 6.846779810663096E-003 6 -2.253805603003236E-003 -2.973734092321069E-003 7 1.624717893601019E-002 1.558162430570068E-002
24.430890 -514.208945008850 -1.980740736555855E-002 -2.037246008215410E-002 1 -3.718187464022602E-002 -3.771429242703241E-002 2 -3.297873394918625E-002 -3.351666970693443E-002 3 -2.239649202809926E-002 -2.294904872688904E-002 4 -2.838160158423214E-002 -2.891389403177819E-002 5 -1.438388423011334E-002 -1.495636823270229E-002 6 -2.428897604289806E-002 -2.493508755342115E-002 7 -6.546553328113632E-003 -7.021529763857950E-003
24.672780 -514.208904613727 -3.687842348718429E-002 -3.726425168071563E-002 1 -5.401636652837205E-002 -5.439320283844797E-002 2 -4.867962001569868E-002 -4.904746660276364E-002 3 -3.958089217188185E-002 -3.997658626730167E-002 4 -4.663653830146934E-002 -4.701987824653570E-002 5 -2.885507195725374E-002 -2.928062535185070E-002 6 -3.799544701727214E-002 -3.853526784437581E-002 7 -2.311353773147849E-002 -2.336670496934148E-002
24.914670 -514.208874083537 -4.494344392879763E-002 -4.522958092945843E-002 1 -6.406201377008509E-002 -6.436775548322617E-002 2 -5.788132928374503E-002 -5.819294925648848E-002 3 -5.054773606661433E-002 -5.087326227392056E-002 4 -5.890243939832011E-002 -5.921204440131891E-002 5 -3.631302546861825E-002 -3.667325214169778E-002 6 -4.337032479688245E-002 -4.386878886071881E-002 7 -3.514302711631841E-002 -3.527094015617570E-002
25.156560 -514.208849436684 -4.483718217216083E-002 -4.508717758109396E-002 1 -6.808973753021132E-002 -6.836309045418512E-002 2 -6.149958540331649E-002 -6.177646412393934E-002 3 -5.626862038285401E-002 -5.653761735353378E-002 4 -6.647621151561262E-002 -6.673952247595026E-002 5 -3.766640237087936E-002 -3.797806248052549E-002 6 -4.110753841870184E-002 -4.145636777382643E-002 7 -4.454403929708623E-002 -4.467389932444778E-002
25.398450 -514.208832426783 -4.116876036019516E-002 -4.133967340771887E-002 1 -6.747154830405522E-002 -6.758818432803593E-002 2 -6.067119382528592E-002 -6.078700710454277E-002 3 -5.756564045638536E-002 -5.771174995826735E-002 4 -7.047441603588886E-002 -7.063789922606654E-002 5 -3.417085004320985E-002 -3.434886093418266E-002 6 -3.355900025773983E-002 -3.356960090131868E-002 7 -5.189465181283291E-002 -5.207650992067286E-002
25.640340 -514.208820463554 -3.909324608094378E-002 -3.922570407425598E-002 1 -6.376054227037173E-002 -6.386271114424573E-002 2 -5.652475672883123E-002 -5.661912071436103E-002 3 -5.524860367780919E-002 -5.535365469032993E-002 4 -7.163624854428964E-002 -7.178189515200509E-002 5 -2.728329218922826E-002 -2.741180101863433E-002 6 -2.424992379316675E-002 -2.415146841457951E-002 7 -5.626961677881072E-002 -5.647265474055028E-002
25.882230 -514.208815328130 -3.867665156857352E-002 -3.873986471765247E-002 1 -5.797121620778625E-002 -5.807672602580020E-002 2 -4.980029709282013E-002 -4.989402570763530E-002 3 -5.011015270829703E-002 -5.019861996746649E-002 4 -7.026509364562382E-002 -7.042086871870173E-002 5 -1.831285660220797E-002 -1.839145313206427E-002 6 -1.546820545173720E-002 -1.540300552093228E-002 7 -5.692098671162747E-002 -5.709753461617474E-002
26.124120 -514.208816574878 -3.516650615634381E-002 -3.514248595058107E-002 1 -5.003195892677645E-002 -5.011553070038761E-002 2 -4.048181990295845E-002 -4.055794685445432E-002 3 -4.256444240599494E-002 -4.263553487688170E-002 4 -6.620592012903791E-002 -6.636977142063717E-002 5 -8.027178978943002E-003 -8.032661395309646E-003 6 -7.190984943498752E-003 -7.155966776471944E-003 7 -5.396587237202716E-002 -5.408399540015717E-002
26.366010 -514.208822554857 -2.442344943993463E-002 -2.431967813465543E-002 1 -3.913699161748627E-002 -3.919514538187031E-002 2 -2.804109100987087E-002 -2.809221700966259E-002 3 -3.255786437782439E-002 -3.261331403400237E-002 4 -5.892553255333360E-002 -5.911040569927120E-002 5 3.183395921723123E-003 3.271210659449957E-003 6 1.736559273012569E-003 1.748485636840365E-003 7 -4.780735333960808E-002 -4.789317040943649E-002
26.607900 -514.208829086244 -7.021341288501753E-003 -6.901612188147436E-003 1 -2.493601145601277E-002 -2.498393985407606E-002 2 -1.234429966433768E-002 -1.237104088537067E-002 3 -2.010899763400952E-002 -2.015515022781374E-002 4 -4.775365692451241E-002 -4.797962022719812E-002 5 1.452226295482668E-002 1.469473891672254E-002 6 1.206089846329102E-002 1.204136971611591E-002 7 -3.888020807084019E-002 -3.892277924378110E-002
26.849790 -514.208835591247 1.122749047657834E-002 1.135212043800896E-002 1 -8.545777011782657E-003 -8.502483863456841E-003 2 5.501925070736758E-003 5.562243619923185E-003 3 -6.026353190582121E-003 -6.011225993493786E-003 4 -3.233352959364114E-002 -3.257518563834602E-002 5 2.416312703529066E-002 2.449311951111735E-002 6 2.336467706244333E-002 2.339941992255063E-002 7 -2.785830332911381E-002 -2.784380862602795E-002
27.091680 -514.208835058444 2.480401584876937E-002 2.479162863449817E-002 1 7.848067193833829E-003 7.825693125159676E-003 2 2.341451231631050E-002 2.341701824418679E-002 3 8.128930996483845E-003 8.096358250269551E-003 4 -1.306527698001782E-002 -1.336730802042710E-002 5 2.989222581109098E-002 3.019710157965179E-002 6 3.446061018691134E-002 3.443667682533770E-002 7 -1.562789645616394E-002 -1.569038699287112E-002
27.333570 -514.208828413325 3.557472144324001E-002 3.544119940176158E-002 1 2.247112693804902E-002 2.247437932223811E-002 2 3.954863415567392E-002 3.954481160887573E-002 3 2.096733413930771E-002 2.094017218377420E-002 4 8.605959040628917E-003 8.462555562458623E-003 5 3.084929127449239E-002 3.101538085626978E-002 6 4.432001977992032E-002 4.430452108250411E-002 7 -2.706757360249368E-003 -2.841509293266890E-003
27.575460 -514.208817260261 5.047505704985705E-002 5.024655929775457E-002 1 3.464040707728604E-002 3.465916215850332E-002 2 5.292401734742717E-002 5.296806573643244E-002 3 3.189268333264249E-002 3.189098281738476E-002 4 2.999653802665870E-002 3.015787875875718E-002 5 2.854250900516011E-002 2.844851585273898E-002 6 5.240186266320854E-002 5.242844103829652E-002 7 1.153306262881654E-002 1.120835329086103E-002
27.817350 -514.208805543793 7.117917941154703E-002 7.091908417855804E-002 1 4.413351013220654E-002 4.412352262924266E-002 2 6.311933385045057E-002 6.311843803494756E-002 3 4.083492544035035E-002 4.081208746615138E-002 4 4.789866501515662E-002 4.820588795925956E-002 5 2.568269842094685E-002 2.538665836691425E-002 6 5.836441153205828E-002 5.838212825002402E-002 7 2.912500018730457E-002 2.865922469620108E-002
28.059240 -514.208806984207 8.587178781748905E-002 8.582400430538206E-002 1 5.060376893306365E-002 5.060457665074508E-002 2 7.009926645004565E-002 7.013071948994705E-002 3 4.776752300195031E-002 4.778096596334200E-002 4 6.035754920651876E-002 6.067810169241071E-002 5 2.410249099335485E-002 2.383651474915095E-002 6 6.198828726589668E-002 6.204148099614412E-002 7 4.912535834038654E-002 4.961043455074740E-002
28.301130 -514.208815161029 7.974544388707994E-002 7.982686456548536E-002 1 5.447769845693703E-002 5.452835840970622E-002 2 7.483205086220532E-002 7.491743447754999E-002 3 5.289448669191287E-002 5.294651626771284E-002 4 6.772152932824682E-002 6.798861823911290E-002 5 2.461065437349272E-002 2.445423654174703E-002 6 6.371498433285720E-002 6.382315854118252E-002 7 6.522952482449197E-002 6.589398111533973E-002
28.543020 -514.208826394557 5.715271957172908E-002 5.729885213451916E-002 1 5.737022396618856E-002 5.741726657340215E-002 2 7.896542502010509E-002 7.903161670865549E-002 3 5.671005556770810E-002 5.675712950307147E-002 4 7.168795591254805E-002 7.186766365587581E-002 5 2.774881469438731E-002 2.763561569437098E-002 6 6.453394015438380E-002 6.465181621473055E-002 7 7.462712293825659E-002 7.491106740737895E-002
28.784910 -514.208843436652 3.686482643404029E-002 3.707074257328030E-002 1 6.016050338075928E-002 6.024389784488066E-002 2 8.306896650501282E-002 8.316814734676993E-002 3 5.908650213054301E-002 5.917708693881732E-002 4 7.341729922067478E-002 7.357812239025578E-002 5 3.327288580419329E-002 3.323658916141840E-002 6 6.470086723735070E-002 6.487072389335514E-002 7 7.949708790395983E-002 7.965687228222039E-002
29.026800 -514.208858843849 3.177611314565944E-002 3.190076245829528E-002 1 6.194091612387709E-002 6.204691557719656E-002 2 8.600885770177796E-002 8.613184102836449E-002 3 5.902108493898776E-002 5.913200166704446E-002 4 7.283245852877938E-002 7.298198673798501E-002 5 3.970386216811327E-002 3.973069837274397E-002 6 6.330103975716193E-002 6.347934441584434E-002 7 8.050522670896736E-002 8.063829261985951E-002
29.268690 -514.208871743574 3.909473193569842E-002 3.915782740476900E-002 1 6.069978972806617E-002 6.082287217241060E-002 2 8.577353379794789E-002 8.591527931701042E-002 3 5.531848485518451E-002 5.543593797697699E-002 4 6.913010710873653E-002 6.927128917729194E-002 5 4.465096597934411E-002 4.477036187308672E-002 6 5.903282883331758E-002 5.916303794641536E-002 7 7.693526588454111E-002 7.706461069701449E-002
29.510580 -514.208885065032 4.686760286032492E-002 4.695263471174028E-002 1 5.493556811908534E-002 5.505645062411047E-002 2 8.098554589913337E-002 8.111104738814096E-002 3 4.743878356877047E-002 4.757320667844704E-002 4 6.173748011314681E-002 6.188161078581420E-002 5 4.587322123297512E-002 4.607046569636065E-002 6 5.144227698092554E-002 5.148395047191134E-002 7 6.855808602408056E-002 6.868931935308173E-002
29.752470 -514.208899108357 4.582644331375314E-002 4.595306098153366E-002 1 4.467218527119786E-002 4.480711076769524E-002 2 7.170454215767441E-002 7.186061877218421E-002 3 3.566471920633831E-002 3.580112032779231E-002 4 5.076980169704475E-002 5.092873238901325E-002 5 4.224519296346960E-002 4.250886456381191E-002 6 4.132997903274278E-002 4.135229272359778E-002 7 5.596535667964701E-002 5.611383032100461E-002
29.994360 -514.208913752339 3.441354908412429E-002 3.459211390250516E-002 1 3.118636051037978E-002 3.136263215225917E-002 2 5.909266067159319E-002 5.928452993975590E-002 3 2.072890618978824E-002 2.089195859236257E-002 4 3.685868204354696E-002 3.704200841736036E-002 5 3.401388183539884E-002 3.431237744447077E-002 6 3.001560052330018E-002 3.008127413937212E-002 7 4.012231686757263E-002 4.028838976613801E-002
30.236250 -514.208927459824 1.734259321745805E-002 1.757055505772628E-002 1 1.610988564196425E-002 1.627827969354372E-002 2 4.465005621418978E-002 4.484780380767207E-002 3 3.460773239107803E-003 3.624879568457789E-003 4 2.082651845722807E-002 2.101318612747586E-002 5 2.238086672200854E-002 2.264620932546893E-002 6 1.851881003695723E-002 1.863908785160134E-002 7 2.206758171107743E-002 2.223466875256223E-002
30.478140 -514.208933909167 1.529557610499330E-003 1.732744330309378E-003 1 7.479890485122819E-004 8.961119564490175E-004 2 2.967145870623492E-002 2.982774813661331E-002 3 -1.529728081842670E-002 -1.516879465480256E-002 4 3.505529277030793E-003 3.655901122409984E-003 5 8.829602592612047E-003 9.036651592026813E-003 6 7.410017777482543E-003 7.538096195651369E-003 7 2.910276934105927E-003 3.035632125661092E-003
30.720030 -514.208927932304 -9.243865013362725E-003 -9.124902436002200E-003 1 -1.392437940728992E-002 -1.383143891267035E-002 2 1.526018366069722E-002 1.536923003572080E-002 3 -3.439938814146142E-002 -3.431846583333225E-002 4 -1.413826656845645E-002 -1.403963545352765E-002 5 -5.111753120677155E-003 -4.978745353949261E-003 6 -2.824719205416968E-003 -2.707164228379706E-003 7 -1.585677546145224E-002 -1.578592772124719E-002
30.961920 -514.208909638576 -1.610193545079359E-002 -1.604418244264775E-002 1 -2.666998832975223E-002 -2.660838067167084E-002 2 2.804485213310756E-003 2.859963945526561E-003 3 -5.191008489299141E-002 -5.188127769633213E-002 4 -3.067216876272739E-002 -3.060587589799486E-002 5 -1.754468668599907E-002 -1.748342498465388E-002 6 -1.128403938477892E-002 -1.117195612338653E-002 7 -3.196071269175625E-002 -3.195417549715145E-002
31.203810 -514.208879870886 -2.109370550675887E-002 -2.107566415513751E-002 1 -3.534987419197008E-002 -3.537098337290593E-002 2 -5.549916677103000E-003 -5.565584792548978E-003 3 -6.476764924626902E-002 -6.484646245633138E-002 4 -4.402237454071117E-002 -4.401440285392390E-002 5 -2.574503334797558E-002 -2.580284667474391E-002 6 -1.643208481675087E-002 -1.634452603876991E-002 7 -4.225174509099421E-002 -4.231044720979343E-002
31.445700 -514.208844278880 -2.328560206209192E-002 -2.325135496433312E-002 1 -3.683918355602037E-002 -3.689895572894875E-002 2 -6.916514249190060E-003 -6.960398319214000E-003 3 -6.884545758291760E-002 -6.900373099534128E-002 4 -5.171158910877020E-002 -5.171077419348021E-002 5 -2.607430592785919E-002 -2.622492684652461E-002 6 -1.646344806690006E-002 -1.632884271123183E-002 7 -4.307428469878671E-002 -4.315850004027410E-002
31.687590 -514.208803785847 -1.905987053345650E-002 -1.908992655475731E-002 1 -2.809487659489694E-002 -2.821022430673377E-002 2 1.323254254664514E-003 1.217685382304427E-003 3 -5.991515868595116E-002 -6.014526671078418E-002 4 -5.163507570385786E-002 -5.170035859642490E-002 5 -1.499100559726844E-002 -1.523070572304998E-002 6 -1.031956113551806E-002 -1.019035975491014E-002 7 -3.143274029160140E-002 -3.151694396627607E-002
31.929480 -514.208767368253 -5.676352681096713E-003 -5.786357219403590E-003 1 -8.466394971771219E-003 -8.560529979396051E-003 2 1.946600549319687E-002 1.938973562788583E-002 3 -3.636718237286853E-002 -3.649654450261576E-002 4 -4.299420604495025E-002 -4.320459529385175E-002 5 7.975721618512500E-003 7.921822231490955E-003 6 1.391392785042840E-003 1.432072163219237E-003 7 -7.228862220903587E-003 -7.217689048276282E-003
32.171370 -514.208756996387 1.472245756192512E-002 1.473205831858995E-002 1 1.829595884394534E-002 1.831837336121785E-002 2 4.379968099153216E-002 4.383455552667131E-002 3 -2.405462385882739E-003 -2.261319675246530E-003 4 -2.658409506106891E-002 -2.698777161024888E-002 5 3.686789625744948E-002 3.725712422297702E-002 6 1.648337968885873E-002 1.641958927006615E-002 7 2.479431354411823E-002 2.498985421215422E-002
32.413260 -514.208778421719 3.477164616285480E-002 3.494752078334776E-002 1 4.505386939402510E-002 4.505461493223589E-002 2 6.766056827531210E-002 6.767921059441616E-002 3 3.294216988216094E-002 3.313355784280123E-002 4 -3.913379075725255E-003 -4.742244579610917E-003 5 6.046232485488470E-002 6.129738053286416E-002 6 3.142688157623610E-002 3.129112915332647E-002 7 5.633175577401535E-002 5.652023161263087E-002
32.655150 -514.208826704740 4.750592423187099E-002 4.782845315014801E-002 1 6.517735915105677E-002 6.525772778313720E-002 2 8.501599807977647E-002 8.509053801399753E-002 3 6.145229537166919E-002 6.165205424316422E-002 4 2.534588509474449E-002 2.397232782341859E-002 5 6.673737066808288E-002 6.821029268255714E-002 6 4.206963305730806E-002 4.199587822283073E-002 7 7.993899032859671E-002 8.017295402463502E-002
32.897040 -514.208842139090 5.138387613263481E-002 5.112475238320299E-002 1 7.542017931905445E-002 7.550850500087330E-002 2 9.299085089172041E-002 9.308319027243003E-002 3 7.933818925926361E-002 7.951921170434251E-002 4 5.833702964381220E-002 5.892430295538182E-002 5 5.247162763873210E-002 5.202496475219008E-002 6 4.572305743429902E-002 4.565449568039875E-002 7 9.215383858309495E-002 9.237103727940851E-002
33.138930 -514.208867863784 4.948770605645220E-002 4.940327729364862E-002 1 7.595733914753187E-002 7.600955221880398E-002 2 9.184348369665804E-002 9.189398016654172E-002 3 8.665419120963551E-002 8.677576343687513E-002 4 7.991775885427643E-002 8.132128535955283E-002 5 3.251612363146203E-002 3.117461696307237E-002 6 4.241757056415971E-002 4.225608981112012E-002 7 9.337644879562772E-002 9.353860385865756E-002
33.380820 -514.208896797890 4.426734895602474E-002 4.430312102786537E-002 1 6.895280874678228E-002 6.898392158908169E-002 2 8.366613326183217E-002 8.369568326231897E-002 3 8.542217001324863E-002 8.553126466722165E-002 4 8.208297836456754E-002 8.264157308276909E-002 5 1.826246554432439E-002 1.775426917967114E-002 6 3.426239190238847E-002 3.402475328183268E-002 7 8.606527044971256E-002 8.619227346413239E-002
33.622710 -514.208912473104 3.832479208097880E-002 3.828517545311019E-002 1 5.710252033287816E-002 5.708139666378252E-002 2 7.104017328162554E-002 7.101452525597704E-002 3 7.821638813300659E-002 7.826499963522732E-002 4 7.276867131493593E-002 7.292145051249802E-002 5 6.573758831396903E-003 6.355551187354680E-003 6 2.427644621065001E-002 2.392839712543772E-002 7 7.314724635438787E-002 7.319372696466610E-002
33.864600 -514.208921330639 3.269465860927066E-002 3.265848721627126E-002 1 4.273010453185005E-002 4.272070158923904E-002 2 5.618835777012809E-002 5.618095224561922E-002 3 6.734638127987444E-002 6.740603792960041E-002 4 5.903929716510398E-002 5.909480859596093E-002 5 -4.909602366265427E-003 -5.105662155909014E-003 6 1.522099661690402E-002 1.492012966323613E-002 7 5.730255104752398E-002 5.728275681177306E-002
34.106490 -514.208926005530 2.702362257846854E-002 2.700747718515390E-002 1 2.724130066750273E-002 2.726142673748365E-002 2 4.042718777981001E-002 4.044440089216094E-002 3 5.434681170483468E-002 5.440785519153801E-002 4 4.389955699436162E-002 4.393476370598148E-002 5 -1.482328795976810E-002 -1.535333107604768E-002 6 7.508183110962352E-003 7.733163156351497E-003 7 4.093380913895065E-002 4.077384269181850E-002
34.348380 -514.208920232584 1.959839334456111E-002 1.949208422333817E-002 1 1.093875532144120E-002 1.096276826806790E-002 2 2.398788914934450E-002 2.402242826819949E-002 3 3.979686184795340E-002 3.988265593725097E-002 4 2.813310001171080E-002 2.817588911659928E-002 5 -1.709634833049874E-002 -1.878964230945295E-002 6 -5.321790857199099E-003 -3.746758635312290E-003 7 2.578445403979464E-002 2.561239060015206E-002
34.590270 -514.208852900946 1.176490467069690E-002 1.093950196048614E-002 1 -6.744272900751890E-003 -6.636052066685836E-003 2 6.199300600656018E-003 6.318969516527020E-003 3 2.341649995894110E-002 2.356709179535153E-002 4 1.126095969838121E-002 1.137499282246977E-002 5 -8.180686466984187E-003 -7.772646380996380E-003 6 -2.834327000803656E-002 -2.916838711399690E-002 7 1.585669688127919E-002 1.389057547958417E-002
34.832160 -514.208948266290 2.715429479479682E-003 3.744968193360941E-003 1 -2.666453577732221E-002 -2.648705658542918E-002 2 -1.399937713936979E-002 -1.381549207216967E-002 3 4.379571019226170E-003 4.588657788674839E-003 4 -7.667401238032834E-003 -7.492657367928506E-003 5 1.930916165856227E-004 1.033759793988862E-003 6 -4.375205842209479E-002 -4.669318764712306E-002 7 5.736094629912830E-003 8.406709094556477E-003
35.074050 -514.208800893717 -1.837134276258959E-002 -1.992722391135096E-002 1 -4.964634020312037E-002 -4.943134815037030E-002 2 -3.695351921127544E-002 -3.673054528103719E-002 3 -1.751818499420675E-002 -1.727417250359883E-002 4 -2.910529422730772E-002 -2.889312617629328E-002 5 -2.185840144215163E-003 -1.505235776666693E-003 6 -3.836733601000619E-002 -2.843455197075908E-002 7 -2.416011155951576E-002 -3.114468012284358E-002
35.315940 -514.208838841972 -4.601696289843601E-002 -4.544249481918070E-002 1 -7.587300443195844E-002 -7.559119888183842E-002 2 -6.277448070653516E-002 -6.248154445497745E-002 3 -4.232348035941997E-002 -4.201035749845741E-002 4 -5.324744754991360E-002 -5.296787368996790E-002 5 -1.441857745043346E-002 -1.376007791507447E-002 6 -4.707887801516907E-002 -4.693433242730671E-002 7 -5.775852557899266E-002 -5.684742859235550E-002
35.557830 -514.208844888537 -7.500906060772843E-002 -7.459877919315645E-002 1 -0.105631363680168 -0.105278704648038 2 -9.202037651880449E-002 -9.165894161699546E-002 3 -7.041450825832983E-002 -7.005498635949718E-002 4 -8.055002186247494E-002 -8.021470227987154E-002 5 -3.496563012202934E-002 -3.437766142695811E-002 6 -7.943273164379555E-002 -7.920138914580800E-002 7 -8.366721412500405E-002 -8.319753851004888E-002
35.799720 -514.208818562665 -0.106404156410241 -0.106071145875446 1 -0.137853344062561 -0.137566042868464 2 -0.123628676134415 -0.123324795624492 3 -0.100586314771318 -0.100256261745690 4 -0.109860718926194 -0.109577445651284 5 -6.051454883622145E-002 -6.002717708705288E-002 6 -0.112473268933034 -0.112244415767742 7 -0.113946273695870 -0.113612651456951
36.041610 -514.208757988207 -0.133843020864110 -0.133593581853986 1 -0.169192064485557 -0.168938964582074 2 -0.154185310411368 -0.153926589091831 3 -0.129329222917876 -0.129072279336236 4 -0.137544407935627 -0.137328031266651 5 -8.603846583804507E-002 -8.564578554631365E-002 6 -0.143252156365230 -0.143062442460507 7 -0.143346092213450 -0.143079638306674
36.283500 -514.208666022048 -0.149834443782078 -0.149769089484714 1 -0.193184822952881 -0.193084703148515 2 -0.177156772863503 -0.177060282335503 3 -0.150050982914868 -0.149956399651542 4 -0.156688435208446 -0.156666583483646 5 -0.104421598815446 -0.104210775071450 6 -0.165252440854642 -0.165241649129734 7 -0.165016856501966 -0.164910245626787
36.525390 -514.208567276609 -0.145626340133006 -0.145718533348616 1 -0.199925585881878 -0.200009041609030 2 -0.182647105329971 -0.182717576806403 3 -0.152917340006154 -0.152960486458490 4 -0.156994901271983 -0.157160070506586 5 -0.106203332890001 -0.106069772004390 6 -0.168372947204850 -0.168539758649000 7 -0.169154086912429 -0.169196494575296
36.767280 -514.208498139062 -0.113522558401263 -0.113640534047747 1 -0.177396286710824 -0.177430606395284 2 -0.158905188600623 -0.158950059488086 3 -0.126679996196524 -0.126720618018290 4 -0.126821809872141 -0.127008964888898 5 -8.132289007272717E-002 -8.118797596239934E-002 6 -0.140978918228523 -0.141130960030147 7 -0.144203742330017 -0.144242895240263
37.009170 -514.208479022855 -5.594842300153388E-002 -5.612061887094560E-002 1 -0.119865022615199 -0.119977935956791 2 -0.100859713930934 -0.100966191864992 3 -6.756398622772414E-002 -6.765140482443324E-002 4 -6.267826443534086E-002 -6.293593658955449E-002 5 -2.742861625945140E-002 -2.734860116723756E-002 6 -7.898389671399511E-002 -7.914073114440164E-002 7 -8.546406236761206E-002 -8.558777854172632E-002
37.251060 -514.208530038840 7.434634885048337E-003 7.520809077204663E-003 1 -4.351072640549176E-002 -4.344334897822809E-002 2 -2.531019430908309E-002 -2.522969841161009E-002 3 6.289481033018414E-003 6.383081367135829E-003 4 1.584196304449625E-002 1.582556764947036E-002 5 3.756201426236867E-002 3.777496548470324E-002 6 -7.743605397657446E-004 -6.924074914977907E-004 7 -1.026036520925136E-002 -1.022224796814390E-002
37.492950 -514.208624789164 5.376170899929370E-002 5.388507753756019E-002 1 1.887424457779995E-002 1.897948866684119E-002 2 3.523622098168668E-002 3.534119536883178E-002 3 6.275119191491349E-002 6.284517821284169E-002 4 7.499319085502394E-002 7.505111808308110E-002 5 8.425459932326297E-002 8.439461814461029E-002 6 6.032073129097772E-002 6.043845871422494E-002 7 4.891590908524832E-002 4.894010956135106E-002
37.734840 -514.208721086815 7.594675627302451E-002 7.586005792842335E-002 1 4.900440092285988E-002 4.894524791420869E-002 2 6.335413803991638E-002 6.329455942583911E-002 3 8.609081776483825E-002 8.603671674972244E-002 4 9.861916921032630E-002 9.856100488821158E-002 5 9.945177316596068E-002 9.939679252303277E-002 6 8.727178712591335E-002 8.723368155516674E-002 7 7.536759972328895E-002 7.526159781855042E-002
37.976730 -514.208789827904 7.842027981458036E-002 7.811940387824148E-002 1 5.061005771920450E-002 5.035100080046050E-002 2 6.330200550448049E-002 6.305406655659980E-002 3 8.178761974842499E-002 8.154014753317818E-002 4 9.260180428103880E-002 9.235315543386367E-002 5 8.923981789828257E-002 8.896870375114674E-002 6 8.499186087888445E-002 8.475988550807823E-002 7 7.411322629790379E-002 7.380530681571991E-002
38.218620 -514.208823903603 6.761345160603195E-002 6.722129900785362E-002 1 3.527487014212668E-002 3.490146335511519E-002 2 4.677134549425167E-002 4.640125050468465E-002 3 6.190803170090409E-002 6.152040126823045E-002 4 6.953437394139746E-002 6.915438484793053E-002 5 6.521298031049130E-002 6.480983892852532E-002 6 6.560529507933388E-002 6.522964998510657E-002 7 5.727532876626717E-002 5.682345811645810E-002
38.460510 -514.208826914791 4.837662928132915E-002 4.794795071392015E-002 1 1.305929981890452E-002 1.262901575409650E-002 2 2.375074780653637E-002 2.332698977614377E-002 3 3.636957962474227E-002 3.593703071175654E-002 4 3.984134640620338E-002 3.942131705461333E-002 5 3.661455696569803E-002 3.616557814650861E-002 6 3.943911250884100E-002 3.900245502853890E-002 7 3.500808734545442E-002 3.449692699408578E-002
38.702400 -514.208808102784 2.304422095968373E-002 2.261720642153903E-002 1 -9.600545729465724E-003 -9.977496211391344E-003 2 5.821083756988852E-004 2.006742496173218E-004 3 1.128343037107285E-002 1.089028915241833E-002 4 1.012894139127271E-002 9.731464081787634E-003 5 8.942485131038964E-003 8.525494308928881E-003 6 1.317693519800990E-002 1.275518519410615E-002 7 1.371052760523864E-002 1.320299115756733E-002
38.944290 -514.208775421636 -5.856513578248917E-003 -6.273469814192437E-003 1 -2.922101285818831E-002 -2.963411053596126E-002 2 -1.932617995452124E-002 -1.973219607786592E-002 3 -1.019982755464765E-002 -1.059880545729641E-002 4 -1.604764290547278E-002 -1.645054221344384E-002 5 -1.516000657627948E-002 -1.558021003737732E-002 6 -9.457582009380556E-003 -9.880166347896504E-003 7 -3.067424398171667E-003 -3.650692105736753E-003
39.186180 -514.208743716398 -3.228900791306608E-002 -3.258381871016724E-002 1 -4.420511579773406E-002 -4.450139930291631E-002 2 -3.444097930384963E-002 -3.474324269554244E-002 3 -2.676667005860518E-002 -2.707482090871041E-002 4 -3.712492782456590E-002 -3.743627463727841E-002 5 -3.479546066476730E-002 -3.513012936042416E-002 6 -2.675821302910569E-002 -2.709259308929366E-002 7 -1.340897118195080E-002 -1.398260353662389E-002
39.428070 -514.208710467382 -4.891873709573356E-002 -4.920248184794061E-002 1 -5.398285517135955E-002 -5.425199977953123E-002 2 -4.424793826600929E-002 -4.451104482199879E-002 3 -3.803614435195573E-002 -3.829926785348289E-002 4 -5.254826189655235E-002 -5.280916377311860E-002 5 -5.000713642260802E-002 -5.028587328822128E-002 6 -3.816223261455646E-002 -3.847934359963291E-002 7 -1.625693454634328E-002 -1.682746519478789E-002
39.669960 -514.208638835141 -5.274325175967801E-002 -5.360751407778385E-002 1 -5.851249037708000E-002 -5.874470416875292E-002 2 -4.875981949846733E-002 -4.899060691869229E-002 3 -4.403410683788818E-002 -4.426202510030208E-002 4 -6.206940414001288E-002 -6.229085391604611E-002 5 -6.135576445635791E-002 -6.159853427993810E-002 6 -4.172577444284582E-002 -4.317904859364963E-002 7 -1.340435821537107E-002 -1.273117200635410E-002
39.911850 -514.208749992582 -4.191424592963108E-002 -4.028234462322640E-002 1 -5.799597783601593E-002 -5.807917052616653E-002 2 -4.826681753584493E-002 -4.835098187922441E-002 3 -4.496663126941332E-002 -4.506327531552851E-002 4 -6.541469911343811E-002 -6.551353135710694E-002 5 -6.969366024081125E-002 -6.985984810320273E-002 6 -1.680100672126344E-002 -1.463565894254505E-002 7 -2.724744531206175E-002 -2.976330633820803E-002
40.153740 -514.208747138235 -2.931135788534560E-002 -2.931655527882306E-002 1 -5.302112865179638E-002 -5.312130588537575E-002 2 -4.353302736028556E-002 -4.362903861117483E-002 3 -4.156324051021838E-002 -4.165657237605777E-002 4 -6.261978406762617E-002 -6.264075043393949E-002 5 -7.597830185800250E-002 -7.617926102031289E-002 6 1.666255620022064E-002 1.697054747769105E-002 7 -4.182563821960985E-002 -4.228874599255095E-002
40.395630 -514.208739240778 -1.835866850660731E-002 -1.843049584555692E-002 1 -4.456031073267713E-002 -4.467950096429206E-002 2 -3.537062226806671E-002 -3.548384728646673E-002 3 -3.468173844451104E-002 -3.478347288546203E-002 4 -5.470350571426602E-002 -5.467551680814632E-002 5 -8.055323744064097E-002 -8.085820185940329E-002 6 3.398173175113463E-002 3.408509210183827E-002 7 -3.644459205325919E-002 -3.660763612773924E-002
40.637520 -514.208738972746 -1.075748037882098E-002 -1.071680490281186E-002 1 -3.312828539210217E-002 -3.313707769456885E-002 2 -2.434048084077182E-002 -2.434900217221630E-002 3 -2.501382326317337E-002 -2.502585370357821E-002 4 -4.308720731365284E-002 -4.294608255726227E-002 5 -8.257456559995095E-002 -8.287258038180140E-002 6 4.853661509469433E-002 4.874678225159935E-002 7 -2.702401740410357E-002 -2.706833178498708E-002
40.879410 -514.208745757374 -2.826238234285012E-003 -2.695869990924749E-003 1 -1.935897518806870E-002 -1.939548605098186E-002 2 -1.105778986791613E-002 -1.109618218428056E-002 3 -1.331649331027799E-002 -1.334818578504588E-002 4 -2.928401913699033E-002 -2.919607378829172E-002 5 -7.956050508199025E-002 -8.058513430396426E-002 6 5.862105558590643E-002 5.953215244068060E-002 7 -1.468804624084988E-002 -1.475720503669495E-002
41.121300 -514.208712678835 6.852352056884567E-003 6.206264479284767E-003 1 -4.044032451338817E-003 -4.061396964692574E-003 2 3.711063899314448E-003 3.697279222805925E-003 3 -3.272326137560173E-004 -3.184281924325849E-004 4 -1.430618436535181E-002 -1.424643692689255E-002 5 -1.926222298511711E-002 -4.082594430268948E-002 6 1.218662249937834E-002 3.365221868385587E-002 7 -2.956129939748833E-004 -3.230903916088646E-004
41.363190 -514.208799631765 2.712409584366215E-002 2.824736929961374E-002 1 1.140333816278026E-002 1.147190896103569E-002 2 1.863403452167264E-002 1.870031369453766E-002 3 1.286791664083758E-002 1.292638809340994E-002 4 9.585424305673197E-004 9.943494199972037E-004 5 5.892517579950807E-002 6.856009917348624E-002 6 -5.200882848404290E-002 -6.159996194906521E-002 7 1.457015782758032E-002 1.464002784170397E-002
41.605080 -514.208804487620 4.493700394178878E-002 4.489060930071857E-002 1 2.504004313075368E-002 2.497055055592326E-002 2 3.177842175855298E-002 3.171817448376365E-002 3 2.466892832253341E-002 2.463072697126728E-002 4 1.537927604505288E-002 1.516526819359499E-002 5 8.130190904840230E-002 8.179029010187053E-002 6 -6.163740806680310E-002 -6.230274935263040E-002 7 2.730669320130770E-002 2.740736004587888E-002
41.846970 -514.208832559509 5.989953435206524E-002 6.014531755800725E-002 1 3.611923952631037E-002 3.622469677710698E-002 2 4.246833898439014E-002 4.256767542898689E-002 3 3.457000450400323E-002 3.465311185326635E-002 4 2.968861865221805E-002 2.929138843542255E-002 5 8.062009168026439E-002 8.125894014965908E-002 6 -4.691735136258420E-002 -4.859344675821875E-002 7 3.310962564047241E-002 3.466887733381836E-002
42.088860 -514.208748549532 6.396720232122240E-002 6.245327086664734E-002 1 4.394646407738213E-002 4.404205183411667E-002 2 4.998694259756556E-002 5.008791238257011E-002 3 4.182539677912294E-002 4.191144922725284E-002 4 4.508632153455745E-002 4.442142803919618E-002 5 7.183699048441525E-002 7.270595368616992E-002 6 -4.251556688982912E-003 -6.980185062298919E-003 7 1.082099845241336E-002 1.336384633874332E-002
42.330750 -514.208801892417 6.482915717271820E-002 6.528980336279991E-002 1 4.852985142318185E-002 4.857287933813059E-002 2 5.429086498714626E-002 5.433717314658860E-002 3 4.619585843329526E-002 4.623613894217456E-002 4 5.964339588225231E-002 5.979746988322057E-002 5 5.776078856759145E-002 5.773966440762423E-002 6 4.016066869380965E-002 4.381892873304281E-002 7 -1.327588414320714E-002 -1.725386575394606E-002
42.572640 -514.208845271960 5.646635357990666E-002 5.682824581001889E-002 1 5.024778950407064E-002 5.038769188006215E-002 2 5.575858297678862E-002 5.590003053448386E-002 3 4.788699586584445E-002 4.800746800191402E-002 4 6.681067400087946E-002 6.732809122719199E-002 5 4.548289040937560E-002 4.522569430812750E-002 6 5.354543266704195E-002 5.404787217483854E-002 7 -6.211382775657412E-003 -6.576327803532426E-003
42.814530 -514.208874877818 4.623130548898925E-002 4.644522650415656E-002 1 4.950175084835848E-002 4.964619594017577E-002 2 5.471687770574420E-002 5.486191732555111E-002 3 4.710483690787422E-002 4.723514890071093E-002 4 6.462939208386281E-002 6.489794531591388E-002 5 3.737326225074827E-002 3.736203639562365E-002 6 5.392843991176700E-002 5.415216247914878E-002 7 1.014881940330455E-002 1.089822883056324E-002
43.056420 -514.208893497593 3.665095093764449E-002 3.676013443811343E-002 1 4.596528651431330E-002 4.604760637405417E-002 2 5.092129638733352E-002 5.101250292495184E-002 3 4.366628133681961E-002 4.375046222957447E-002 4 5.606693860005986E-002 5.621268242182548E-002 5 3.001767992214692E-002 3.006492122488858E-002 6 4.965059909245927E-002 4.979720882487347E-002 7 1.994633236221994E-002 2.073499929495782E-002
43.298310 -514.208908076031 2.809028817958944E-002 2.819601444500236E-002 1 3.934493775183654E-002 3.948042610213792E-002 2 4.414907566705333E-002 4.428192704752768E-002 3 3.747927395703708E-002 3.760409426597566E-002 4 4.340254578179976E-002 4.353449261437749E-002 5 2.103475052630415E-002 2.114925894280103E-002 6 4.171571727549910E-002 4.186611882598539E-002 7 1.994012330545052E-002 2.043206394094246E-002
43.540200 -514.208915916655 1.923848375915543E-002 1.932925956767436E-002 1 2.993242226334056E-002 3.005836838167706E-002 2 3.472034615880643E-002 3.483767405981691E-002 3 2.896765602475246E-002 2.907506331293724E-002 4 2.803492240135125E-002 2.814935358445226E-002 5 9.985198069032600E-003 1.008386117421383E-002 6 3.100044697861758E-002 3.112277458190050E-002 7 1.300508696003767E-002 1.327351083419614E-002
43.782090 -514.208913925623 9.335134553226430E-003 9.398550358737372E-003 1 1.900086864601085E-002 1.907547753108966E-002 2 2.386305458077692E-002 2.393065156293058E-002 3 1.935439554002953E-002 1.941185067136010E-002 4 1.150445286456502E-002 1.157759983869595E-002 5 -2.196275394538163E-003 -2.148217943763002E-003 6 1.900875114970594E-002 1.908862286629204E-002 7 3.104851934389686E-003 3.108318780815224E-003
44.023980 -514.208897237239 -4.668833094250400E-004 -4.798621336966075E-004 1 8.835987328515054E-003 8.810827750680369E-003 2 1.373609443143827E-002 1.371886942771922E-002 3 1.069664276954708E-002 1.068138071343501E-002 4 -4.166379090150494E-003 -4.189737489769227E-003 5 -1.348514411439023E-002 -1.351757146804007E-002 6 7.931235600842778E-003 7.926276874421370E-003 7 8.091978420181918E-005 -2.613294301072923E-003
44.265870 -514.208871230720 -7.133460761948238E-003 -7.146210938626718E-003 1 2.279368347652785E-003 2.221600980935283E-003 2 7.014008282464954E-003 6.957463708523516E-003 3 5.548114534920001E-003 5.492412648675119E-003 4 -1.650508960227829E-002 -1.656684580551258E-002 5 -2.122768549656083E-002 -2.131631195550428E-002 6 3.828809974955889E-004 3.318486052183670E-004 7 4.263618447524310E-003 5.975146911715007E-003
44.507760 -514.208838194750 -6.706147927274902E-003 -6.749093961124972E-003 1 2.211245620827531E-003 2.125589432145212E-003 2 6.435792464672590E-003 6.355730384454224E-003 3 6.551309320593826E-003 6.477522145786036E-003 4 -2.302944243380894E-002 -2.313536553507047E-002 5 -2.257341318958988E-002 -2.268811982135780E-002 6 -9.916690140431357E-004 -1.065075935721830E-003 7 8.107043298916582E-003 8.107833525724707E-003
44.749650 -514.208801579542 2.953789106721370E-003 2.819460784400341E-003 1 1.014286682569002E-002 9.987074857820780E-003 2 1.343851414263111E-002 1.329754547438815E-002 3 1.512542389851139E-002 1.499571714552909E-002 4 -2.203017648508452E-002 -2.217084596881090E-002 5 -1.576318588947673E-002 -1.594558773310299E-002 6 5.314204017769340E-003 5.197870803433666E-003 7 1.554323157525382E-002 1.542070999304745E-002
44.991540 -514.208780817167 1.887238423070788E-002 1.878602249614429E-002 1 2.482218764728072E-002 2.478371857706277E-002 2 2.681890368369448E-002 2.678460143648425E-002 3 3.012576037435357E-002 3.010564509061294E-002 4 -1.383979704354790E-002 -1.388970666064341E-002 5 -1.547861715656858E-003 -1.628556361679711E-003 6 1.825341401390586E-002 1.823092750797219E-002 7 2.919275888908726E-002 2.915574015748841E-002
45.233430 -514.208778894559 3.412293059062226E-002 3.406126054192424E-002 1 4.204436947507584E-002 4.202693382929736E-002 2 4.254779931630725E-002 4.253848496565302E-002 3 4.755283698110147E-002 4.756369228695027E-002 4 -1.583856339102759E-003 -1.600738962252168E-003 5 1.639925330981226E-002 1.633588506371842E-002 6 3.386213617993727E-002 3.388372507095886E-002 7 4.533408601993914E-002 4.532824860372076E-002
45.475320 -514.208803131403 4.293487540451039E-002 4.300650433144276E-002 1 5.656094212563204E-002 5.665582116267540E-002 2 5.559172948677248E-002 5.568995918169752E-002 3 6.228861415561750E-002 6.241722785631755E-002 4 9.945360366969970E-003 1.002686340259658E-002 5 3.308651876996646E-002 3.313849730314054E-002 6 4.702344223487624E-002 4.715244505162403E-002 7 5.895148895944127E-002 5.905797283787722E-002
45.717210 -514.208842592227 4.416919840353648E-002 4.431322234205472E-002 1 6.471968912448772E-002 6.488460958977463E-002 2 6.246298255963209E-002 6.261180172354042E-002 3 7.064289878608818E-002 7.080918482788696E-002 4 1.670631879932697E-002 1.681158862473468E-002 5 4.470251718479928E-002 4.479777447061106E-002 6 5.406075545171556E-002 5.424077370928442E-002 7 6.642547315614325E-002 6.659593241537726E-002
45.959100 -514.208881934039 4.081221087939946E-002 4.093527906833007E-002 1 6.567186230461493E-002 6.578486822761863E-002 2 6.235815698346524E-002 6.246045502319136E-002 3 7.159959077744354E-002 7.171884957344589E-002 4 1.725736316538189E-002 1.723764396025525E-002 5 4.975344083605301E-002 4.986765965686638E-002 6 5.393720791630664E-002 5.407366232309604E-002 7 6.674904677782366E-002 6.686876773154861E-002
46.200990 -514.208904536967 3.703718764023415E-002 3.701845352768349E-002 1 6.066541918298470E-002 6.069928463046510E-002 2 5.646749082643222E-002 5.648999471100846E-002 3 6.628882468112854E-002 6.632816133926371E-002 4 1.389382017088379E-002 1.339346677526647E-002 5 4.749806009015699E-002 4.794988963941545E-002 6 4.761862787821369E-002 4.767123000940528E-002 7 6.094575565299324E-002 6.098774275477159E-002
46.442880 -514.208886059642 3.409169117327642E-002 3.372892171602290E-002 1 5.161291598844091E-002 5.162456508356113E-002 2 4.663375340689991E-002 4.662456822536533E-002 3 5.674635680914419E-002 5.673231998820253E-002 4 1.670431313043557E-002 1.486203207246132E-002 5 3.173700286986902E-002 3.342884923841043E-002 6 3.685917582846291E-002 3.685701225941635E-002 7 5.083107261409174E-002 5.085169194124266E-002
46.684770 -514.208912941764 2.683953485480034E-002 2.712603171047187E-002 1 4.024867989055435E-002 4.014559412766496E-002 2 3.461125821280146E-002 3.450222252729739E-002 3 4.507183420593813E-002 4.496836455996914E-002 4 2.878410435587727E-002 3.064470160619842E-002 5 3.802894642151312E-003 1.577455073601772E-003 6 2.357592795634275E-002 2.344937383908383E-002 7 3.833221118244037E-002 3.822668551722166E-002
46.926660 -514.208906645471 1.321219657609904E-002 1.312017797757948E-002 1 2.798157710965783E-002 2.787205315006342E-002 2 2.193913200524967E-002 2.182268707121174E-002 3 3.311408123716391E-002 3.298287694480680E-002 4 3.540028476364068E-002 3.592516623783940E-002 5 -1.739000006339401E-002 -1.837156615439816E-002 6 9.592716565872550E-003 9.413212783507825E-003 7 2.518684983549938E-002 2.509397717691370E-002
47.168550 -514.208886066444 -3.599819895284535E-003 -3.797184768057867E-003 1 1.599252995759465E-002 1.587099196933945E-002 2 9.724641767105338E-003 9.594072604652072E-003 3 2.222140057320442E-002 2.207728237693313E-002 4 3.268578980070724E-002 3.274202578253538E-002 5 -2.467071901158576E-002 -2.519711023133002E-002 6 -3.160466691887356E-003 -3.539817911488026E-003 7 1.245905174298256E-002 1.242175340534179E-002
47.410440 -514.208850593168 -1.207502298771318E-002 -1.241352825398620E-002 1 5.634811882404512E-003 5.505161785720828E-003 2 -7.506637639085594E-004 -8.940568191940998E-004 3 1.348604369577474E-002 1.332239233234885E-002 4 2.835163383840008E-002 2.831779656396590E-002 5 -2.384084921002462E-002 -2.408279057617035E-002 6 -1.132844702372555E-002 -1.200610357172782E-002 7 5.386612313552292E-004 5.823133221909977E-004
47.652330 -514.208833127149 -1.783706056379265E-003 -1.970019938590343E-003 1 -2.422550955260241E-003 -2.523701376788490E-003 2 -8.894172608042424E-003 -8.998392043284655E-003 3 7.177282879467485E-003 7.046929331856908E-003 4 2.455431993025931E-002 2.453358627283753E-002 5 -1.784606534044543E-002 -1.787325762273979E-002 6 -1.240258190688666E-002 -1.271788531135419E-002 7 -1.065521299228474E-002 -1.079184768874131E-002
47.894220 -514.208841248143 1.999142222431331E-002 2.002017434787129E-002 1 -9.025551163521028E-003 -9.079240563208826E-003 2 -1.549480336433570E-002 -1.555062525043628E-002 3 2.396525874851980E-003 2.314965938109405E-003 4 2.105004700997361E-002 2.106722117361374E-002 5 -9.521576126147898E-003 -9.528423434675942E-003 6 -9.570042883986751E-003 -9.145395689212367E-003 7 -2.005298217646677E-002 -2.041354829373547E-002
48.136110 -514.208845638273 2.811423126967352E-002 2.806588650983391E-002 1 -1.577402027388491E-002 -1.579331702574062E-002 2 -2.198374462103362E-002 -2.201163076804256E-002 3 -2.100553357647619E-003 -2.160014492158743E-003 4 1.670398992161285E-002 1.674635214839131E-002 5 -1.308775307149722E-003 -1.199308374728260E-003 6 -9.094426226555798E-003 -8.703257797054099E-003 7 -2.660335076671175E-002 -2.682065698916644E-002
48.378000 -514.208856188470 8.430029197389327E-003 8.466889217624065E-003 1 -2.332935238097597E-002 -2.334073938522977E-002 2 -2.892178901007759E-002 -2.894036130727276E-002 3 -6.741307200596838E-003 -6.773389261120770E-003 4 1.092388201840821E-002 1.096206767093248E-002 5 4.570182711695261E-003 4.821185944353198E-003 6 -1.259895324909899E-002 -1.249176908768232E-002 7 -3.099733879108054E-002 -3.107143734762606E-002
48.619890 -514.208882710902 -2.195357403248815E-002 -2.170855331689093E-002 1 -3.158790530484725E-002 -3.151985193166363E-002 2 -3.624173758300456E-002 -3.617815211574413E-002 3 -1.162477305419808E-002 -1.156348392296269E-002 4 3.643225520317228E-003 3.734131268183585E-003 5 6.284737060716097E-003 6.590941412751940E-003 6 -1.813461056801722E-002 -1.804941385511942E-002 7 -3.444636968220007E-002 -3.441230713663947E-002
48.861780 -514.208902530052 -3.492809120369442E-002 -3.475130714176326E-002 1 -4.112652803115432E-002 -4.104099818954571E-002 2 -4.461504241493969E-002 -4.455530504492385E-002 3 -1.765446837779279E-002 -1.758227440260790E-002 4 -5.596870968900667E-003 -5.498716812304997E-003 5 2.921423018643891E-003 3.183191006666610E-003 6 -2.523824670236270E-002 -2.512972768106648E-002 7 -3.823605609900155E-002 -3.817029919413828E-002
49.103670 -514.208917264551 -2.460024134855776E-002 -2.446212833845632E-002 1 -5.337809535409122E-002 -5.322948426663873E-002 2 -5.555533622217557E-002 -5.541939291327223E-002 3 -2.632288897995782E-002 -2.617402287254568E-002 4 -1.758651649066861E-002 -1.744880954622589E-002 5 -5.533324642502420E-003 -5.256173481496875E-003 6 -3.521962298318656E-002 -3.502375339534695E-002 7 -4.398991626212166E-002 -4.386227968094709E-002
49.345560 -514.208929264565 -9.296475582129860E-003 -9.128052055058700E-003 1 -6.928893874711410E-002 -6.917081559180743E-002 2 -7.005521479851692E-002 -6.995777989738691E-002 3 -3.840651891673035E-002 -3.827607515548649E-002 4 -3.244752789693132E-002 -3.232596494639738E-002 5 -1.831133478590654E-002 -1.805636838848189E-002 6 -4.902411721435595E-002 -4.883652719414382E-002 7 -5.269456215728806E-002 -5.257170242825477E-002
49.587450 -514.208934391516 -8.359786284462781E-003 -8.165067048614397E-003 1 -8.816876464471086E-002 -8.803798113990260E-002 2 -8.743426769643281E-002 -8.731666338542464E-002 3 -5.313801907918866E-002 -5.298926457586544E-002 4 -4.912169911262305E-002 -4.899325987417348E-002 5 -3.410751460094831E-002 -3.385130342457859E-002 6 -6.614352664172216E-002 -6.593611915096094E-002 7 -6.383323208141563E-002 -6.365877095415534E-002
49.829340 -514.208919909236 -2.643436867525640E-002 -2.632569322665095E-002 1 -0.107857489408945 -0.107771287504090 2 -0.105524419198060 -0.105443076617346 3 -6.841801720838660E-002 -6.832498211635675E-002 4 -6.577166240591165E-002 -6.566056706738452E-002 5 -5.130484365473577E-002 -5.111340297261904E-002 6 -8.477479721332382E-002 -8.462941101441301E-002 7 -7.574791255008129E-002 -7.555837992996618E-002
50.071230 -514.208891507797 -5.533978731295706E-002 -5.525036475443563E-002 1 -0.125403998833375 -0.125381971341077 2 -0.121359121756194 -0.121313957527732 3 -8.128756005548647E-002 -8.124980461615505E-002 4 -8.025885314798706E-002 -8.015209043494563E-002 5 -6.767702749904539E-002 -6.756616712214869E-002 6 -0.101993134293858 -0.101950023426072 7 -8.625341709661705E-002 -8.606178178114826E-002
50.313120 -514.208851337398 -8.353057507429230E-002 -8.346879528130838E-002 1 -0.137314640988920 -0.137405356946266 2 -0.131520650019044 -0.131593776325451 3 -8.828366640048062E-002 -8.837944920014902E-002 4 -9.011916650854412E-002 -9.008063307445083E-002 5 -8.001351791413361E-002 -8.006407552524400E-002 6 -0.113605913945619 -0.113785625357128 7 -9.274100159475968E-002 -9.263429796938480E-002
50.555010 -514.208805808656 -0.100859099213005 -0.100833260837994 1 -0.139802104593508 -0.139946280690930 2 -0.132423390882627 -0.132524342087495 3 -8.606244150303168E-002 -8.616281526305547E-002 4 -9.233397684267286E-002 -9.231642509591370E-002 5 -8.440981256185001E-002 -8.450854301793707E-002 6 -0.114579149118234 -0.114880506350578 7 -9.230549741997156E-002 -9.220712782489253E-002
50.796900 -514.208758748414 -0.100019096097430 -0.100155092158179 1 -0.129877903523055 -0.130015616217012 2 -0.121316244185024 -0.121429074922239 3 -7.256884241285623E-002 -7.263353488096863E-002 4 -8.392565234264240E-002 -8.393951298669057E-002 5 -7.757067256066964E-002 -7.769201193847036E-002 6 -0.100901358358600 -0.101247983726659 7 -8.263094899385197E-002 -8.256100253587398E-002
51.038790 -514.208732103804 -7.887491057150450E-002 -7.901699078105380E-002 1 -0.107315270104472 -0.107395878699452 2 -9.819118684490850E-002 -9.825456243072214E-002 3 -4.857829761977771E-002 -4.855290518568515E-002 4 -6.414166682775355E-002 -6.413516373659241E-002 5 -5.895766064217482E-002 -5.902405386833533E-002 6 -7.256807974360033E-002 -7.275087957254439E-002 7 -6.343349492331782E-002 -6.343255386631709E-002
51.280680 -514.208738350495 -4.190025883912881E-002 -4.191760839601953E-002 1 -7.637838622160442E-002 -7.639099792199272E-002 2 -6.740528385843582E-002 -6.741281385708044E-002 3 -1.899190362770872E-002 -1.889466964694573E-002 4 -3.689853844563614E-002 -3.685572694347756E-002 5 -3.267587445270446E-002 -3.268534168656124E-002 6 -3.564367197404314E-002 -3.559950017771261E-002 7 -3.767297490246625E-002 -3.781090944297503E-002
51.522570 -514.208772016578 -2.128543983710203E-003 -2.067383124215098E-003 1 -4.528150551586501E-002 -4.525317739340768E-002 2 -3.704460473878599E-002 -3.700824319221243E-002 3 7.904623868349491E-003 8.056068454323464E-003 4 -1.035161025578095E-002 -1.028326777890752E-002 5 -6.883261266634055E-003 -6.850790209350719E-003 6 -6.734796712847330E-004 -4.910509443716636E-004 7 -1.146813109681523E-002 -1.166088601727451E-002
51.764460 -514.208819781696 2.406724419676922E-002 2.415326729944436E-002 1 -2.223958502097729E-002 -2.217246122676976E-002 2 -1.498193407311350E-002 -1.494701618346663E-002 3 2.452915216851347E-002 2.468679550986892E-002 4 7.615450201230354E-003 7.683074600859185E-003 5 1.049238776575346E-002 1.054573300115870E-002 6 2.304260359856671E-002 2.325129198538602E-002 7 8.645741057868717E-003 8.482998695730333E-003
52.006350 -514.208866422900 3.010615198186987E-002 3.016475732833766E-002 1 -1.093130964771825E-002 -1.089702967228125E-002 2 -4.586078205563663E-003 -4.593281909593656E-003 3 2.808760851667852E-002 2.818010891534646E-002 4 1.386625929920103E-002 1.387896834226525E-002 5 1.618386902737223E-002 1.618266803092822E-002 6 3.232211021041962E-002 3.242120517040561E-002 7 1.941497455831758E-002 1.928130105269721E-002
52.248240 -514.208901270642 2.123631939556008E-002 2.122563317061037E-002 1 -1.028126644583299E-002 -1.031410707648749E-002 2 -4.550081043079225E-003 -4.616640454385476E-003 3 2.038874789226148E-002 2.038720234076034E-002 4 9.878218155333447E-003 9.815567785319028E-003 5 1.163688072266585E-002 1.157119779428285E-002 6 2.948122174116868E-002 2.948718866227251E-002 7 2.142192016043801E-002 2.132318757081135E-002
52.490130 -514.208918873058 4.517508837561230E-003 4.405657540244503E-003 1 -1.725182379473732E-002 -1.737762484637613E-002 2 -1.164287856744889E-002 -1.177541028182350E-002 3 5.153651406590424E-003 5.059208619997847E-003 4 -9.687299414327661E-004 -1.107100890229453E-003 5 2.318665374933313E-004 9.310722844517203E-005 6 1.883602157491344E-002 1.872617329461835E-002 7 1.694252718779557E-002 1.684882169915963E-002
52.732020 -514.208923013961 -1.658179650641288E-002 -1.672850166008593E-002 1 -2.877840670108379E-002 -2.892352834554771E-002 2 -2.281559767796340E-002 -2.295579138531577E-002 3 -1.386821833856897E-002 -1.402205342131345E-002 4 -1.526343169433905E-002 -1.543166202012593E-002 5 -1.478312842002734E-002 -1.494375891226702E-002 6 4.289514901826905E-003 4.150806858950638E-003 7 8.233955340259965E-003 8.145006357934236E-003
52.973910 -514.208914301067 -3.877319635750556E-002 -3.896423272829924E-002 1 -4.234753690879249E-002 -4.253404100362600E-002 2 -3.580940169848477E-002 -3.597896697825932E-002 3 -3.367361943851752E-002 -3.388561665906837E-002 4 -3.032575104492743E-002 -3.053013499076246E-002 5 -3.091297272073210E-002 -3.110749751401514E-002 6 -1.141064300091182E-002 -1.160674581246292E-002 7 -2.803417575494545E-003 -2.929288872782667E-003
53.215800 -514.208897680264 -5.695456099357784E-002 -5.716370252889229E-002 1 -5.605031350927770E-002 -5.623149084361687E-002 2 -4.902406250670009E-002 -4.918260405251829E-002 3 -5.228781913564872E-002 -5.249877727880047E-002 4 -4.448184029044919E-002 -4.467267830309031E-002 5 -4.642979818175558E-002 -4.661818211289531E-002 6 -2.659319932438826E-002 -2.680654589795101E-002 7 -1.446557381282678E-002 -1.458953269503658E-002
53.457690 -514.208877044431 -6.765959602094576E-002 -6.787274469997437E-002 1 -6.861361365524543E-002 -6.877993581743259E-002 2 -6.128562143807451E-002 -6.143674585563596E-002 3 -6.863766204392679E-002 -6.884188220097502E-002 4 -5.692178657537582E-002 -5.711755681245544E-002 5 -6.021561048958997E-002 -6.039398175762081E-002 6 -4.027361653830654E-002 -4.046624961887799E-002 7 -2.531047167449058E-002 -2.543542386778663E-002
53.699580 -514.208855556680 -7.246656408280083E-002 -7.266524424194913E-002 1 -7.931479098026167E-002 -7.946660113845630E-002 2 -7.171134675145990E-002 -7.185075474009750E-002 3 -8.212873704772206E-002 -8.231944312655798E-002 4 -6.718802568610539E-002 -6.736399683512304E-002 5 -7.156441205037796E-002 -7.173541949923823E-002 6 -5.172716321876092E-002 -5.192209626110827E-002 7 -3.442182457283073E-002 -3.452926288022828E-002
53.941470 -514.208838683967 -7.682046514337874E-002 -7.693870032643034E-002 1 -8.777191696012965E-002 -8.785605055562362E-002 2 -7.972788873158861E-002 -7.979985356920027E-002 3 -9.235392412285656E-002 -9.246779814023233E-002 4 -7.481630747649057E-002 -7.492976421176985E-002 5 -8.008498588541832E-002 -8.019228779274493E-002 6 -6.030432521210538E-002 -6.044406818734659E-002 7 -4.153126991990682E-002 -4.156898245721679E-002
54.183360 -514.208821701680 -8.437349979928550E-002 -8.450806306222985E-002 1 -9.382459559640265E-002 -9.395051255911892E-002 2 -8.519210521671075E-002 -8.531029216634473E-002 3 -9.918892366689516E-002 -9.935974816201612E-002 4 -7.950574800815370E-002 -7.967122484542387E-002 5 -8.572020008671474E-002 -8.585354612997440E-002 6 -6.564386874785495E-002 -6.582086627515597E-002 7 -4.686795939767080E-002 -4.692197787662464E-002
54.425250 -514.208812645108 -9.332364372739413E-002 -9.335343629051802E-002 1 -9.748639622297012E-002 -9.753162470173336E-002 2 -8.826418436698628E-002 -8.829357058316950E-002 3 -0.102857377272258 -0.102907435463661 4 -8.136552979126148E-002 -8.142165733833311E-002 5 -8.865683267129341E-002 -8.873251047705315E-002 6 -6.782791787428266E-002 -6.790754807694833E-002 7 -5.073846612511213E-002 -5.071974535830204E-002
54.667140 -514.208804696206 -9.870622716409407E-002 -9.874882233677103E-002 1 -9.878776012564194E-002 -9.885052827407412E-002 2 -8.908707092570271E-002 -8.913411047439457E-002 3 -0.103675291149545 -0.103750539658351 4 -8.073458712560151E-002 -8.082035608612256E-002 5 -8.907453766846081E-002 -8.912708005506492E-002 6 -6.721683870858937E-002 -6.728965146555448E-002 7 -5.319278646014356E-002 -5.320316379441301E-002
54.909030 -514.208795932540 -9.705704798554651E-002 -9.713915153036742E-002 1 -9.770227273699063E-002 -9.775229411269719E-002 2 -8.762370385303289E-002 -8.766208149904287E-002 3 -0.101772802071413 -0.101834894977000 4 -7.778027785840734E-002 -7.785758554692887E-002 5 -8.705783726993573E-002 -8.711394696395880E-002 6 -6.422417034159912E-002 -6.423944661631176E-002 7 -5.405375812507676E-002 -5.409160017065003E-002
55.150920 -514.208785995455 -8.915045171422650E-002 -8.927488591523078E-002 1 -9.424328675342983E-002 -9.432417411057335E-002 2 -8.377067231221508E-002 -8.383502054089503E-002 3 -9.707730729583863E-002 -9.716065084822226E-002 4 -7.235341794837348E-002 -7.243896323776820E-002 5 -8.275391910140399E-002 -8.282626964000671E-002 6 -5.923462847608022E-002 -5.924367962800903E-002 7 -5.308542813238983E-002 -5.317593029461812E-002
55.392810 -514.208781764513 -7.764065422336827E-002 -7.765207348193115E-002 1 -8.842431550618711E-002 -8.844300070061883E-002 2 -7.742852667978686E-002 -7.743590392754594E-002 3 -8.939237477559396E-002 -8.940533845574937E-002 4 -6.416632277027304E-002 -6.418654105739054E-002 5 -7.637154279463687E-002 -7.639105958328896E-002 6 -5.252112452239455E-002 -5.244932073283233E-002 7 -4.998552577450018E-002 -5.003630186667860E-002
55.634700 -514.208781319273 -6.349990014941025E-002 -6.343287438680099E-002 1 -7.993266178270816E-002 -7.990630288449542E-002 2 -6.825884887511514E-002 -6.823240843470323E-002 3 -7.831084127030763E-002 -7.828174019580912E-002 4 -5.297363594927469E-002 -5.294874810498017E-002 5 -6.780105825272383E-002 -6.779421083102827E-002 6 -4.391561241092998E-002 -4.383061857561669E-002 7 -4.425518095237539E-002 -4.428639579044561E-002
55.876590 -514.208778904153 -4.757637327045487E-002 -4.758244398456978E-002 1 -6.805451523097258E-002 -6.809986926872647E-002 2 -5.565041140354882E-002 -5.569776429615787E-002 3 -6.329140115837231E-002 -6.334015755537373E-002 4 -3.875578494991035E-002 -3.879585695018138E-002 5 -5.644192731653652E-002 -5.650144966796659E-002 6 -3.272952591566278E-002 -3.271069115440989E-002 7 -3.534862913679509E-002 -3.542873558853989E-002
56.118480 -514.208779544739 -3.156245070349166E-002 -3.151158226022133E-002 1 -5.217143261260271E-002 -5.215306293305693E-002 2 -3.913763263764912E-002 -3.913170688300290E-002 3 -4.406157588623437E-002 -4.405526871799501E-002 4 -2.189046648135960E-002 -2.188951364911268E-002 5 -4.163149956324030E-002 -4.163523826655618E-002 6 -1.825042801442253E-002 -1.819871281483454E-002 7 -2.303331055119798E-002 -2.306301592798074E-002
56.360370 -514.208780872079 -1.475472455269160E-002 -1.471793651650789E-002 1 -3.213413558451606E-002 -3.215854538264423E-002 2 -1.865216833344637E-002 -1.868048722330156E-002 3 -2.071208468410629E-002 -2.074137299216501E-002 4 -2.937436607632869E-003 -2.945497643650959E-003 5 -2.306679146361762E-002 -2.307948206587672E-002 6 -1.664338430053688E-004 -1.463123041380796E-004 7 -7.495819640096838E-003 -7.542784157971385E-003
56.602260 -514.208782453809 6.024087467714436E-003 6.037275353461385E-003 1 -8.292865545594896E-003 -8.276892527172770E-003 2 5.457488162873873E-003 5.457603806269036E-003 3 6.377383601573028E-003 6.389840399969139E-003 4 1.755794286289857E-002 1.756915320462043E-002 5 -9.915801694779251E-004 -1.016394462715140E-003 6 2.127994044195176E-002 2.130631010227858E-002 7 1.072130327548423E-002 1.069318135493237E-002
56.844150 -514.208784857828 3.202498383489529E-002 3.204551196932669E-002 1 1.815638729167883E-002 1.822024543057752E-002 2 3.198603974666673E-002 3.204168308523550E-002 3 3.595806717768729E-002 3.603602756033140E-002 4 3.865509984000372E-002 3.873616131929378E-002 5 2.337835969196675E-002 2.340786439243794E-002 6 4.488483701444822E-002 4.498271261437795E-002 7 3.040674285033127E-002 3.044322688571402E-002
57.086040 -514.208783787589 5.970815920981563E-002 5.959441369181340E-002 1 4.473339768380463E-002 4.469999853930351E-002 2 5.838087015145114E-002 5.832788572900087E-002 3 6.523272150255889E-002 6.518679433880760E-002 4 5.858126812202652E-002 5.853931307431493E-002 5 4.751009766620821E-002 4.747131182584573E-002 6 6.812333479916476E-002 6.810933690544468E-002 7 4.935684813053844E-002 4.928606319950309E-002
57.327930 -514.208783375776 8.328508886376822E-002 8.320247934348927E-002 1 6.843245452585250E-002 6.840292132863744E-002 2 8.154985224913019E-002 8.150593450015188E-002 3 9.078529619715149E-002 9.076137867156611E-002 4 7.538159176167694E-002 7.535476245621398E-002 5 6.842926545701848E-002 6.840328444415830E-002 6 8.805182089873219E-002 8.804273492176268E-002 7 6.515952021077800E-002 6.509239975043719E-002
57.569820
