  -0.4009408429000000E+02       1
  -0.3989036151000000E+02       2
  -0.3983726558000000E+02       3
  -0.3983018981000000E+02       4
  -0.3981231000000000E+02       5
 
  -0.3054359600000000E-01       1       1
  -0.1728187500000000E-01       1       2
  -0.3058356800000000E-01       1       3
  -0.3878724300000000E-01       1       4
   0.1474978700000000E-01       1       5
   0.5431737200000000E-01       1       6
   0.2877309800000000E-01       1       7
   0.1991416700000000E-01       1       8
   0.5330089200000000E-01       1       9
   0.1962943900000000E-01       1      10
  -0.4967203400000000E-01       1      11
  -0.4613286900000000E-01       1      12
   0.2092830200000000E-01       1      13
   0.3228995500000000E-01       1      14
  -0.3090182700000000E-01       1      15
  -0.4704834800000000E-01       2       1
  -0.5977917100000000E-01       2       2
  -0.5544640000000000E-02       2       3
  -0.1275871000000000E-02       2       4
   0.2112543000000000E-02       2       5
   0.5299210000000000E-02       2       6
   0.3660355200000000E-01       2       7
   0.1089920600000000E-01       2       8
   0.2098542700000000E-01       2       9
   0.2658100000000000E-02       2      10
   0.9243399999999999E-03       2      11
  -0.7569051000000000E-02       2      12
   0.9062567000000001E-02       2      13
   0.4584308100000000E-01       2      14
  -0.1317094500000000E-01       2      15
  -0.6074253000000000E-02       3       1
  -0.1516587900000000E-01       3       2
  -0.5200090000000000E-03       3       3
  -0.2532067800000000E-01       3       4
  -0.3030452600000000E-01       3       5
  -0.8123803000000001E-02       3       6
   0.3699045500000000E-01       3       7
   0.5447121000000000E-02       3       8
   0.2376896200000000E-01       3       9
  -0.1441616000000000E-01       3      10
  -0.2539996900000000E-01       3      11
   0.6763689000000000E-02       3      12
   0.8820638000000000E-02       3      13
   0.6542325400000000E-01       3      14
  -0.2188883900000000E-01       3      15
  -0.3544814200000000E-01       4       1
  -0.2792783900000000E-01       4       2
  -0.2308164600000000E-01       4       3
   0.4586991000000000E-02       4       4
  -0.2863200600000000E-01       4       5
   0.2845330000000000E-03       4       6
   0.4926178000000000E-01       4       7
  -0.5073464000000000E-02       4       8
   0.1945917100000000E-01       4       9
  -0.1634949300000000E-01       4      10
   0.1338935400000000E-01       4      11
   0.1406556000000000E-02       4      12
  -0.2051136000000000E-02       4      13
   0.4824395500000000E-01       4      14
   0.1931386000000000E-02       4      15
   0.1842561600000000E-01       5       1
  -0.1893882000000000E-02       5       2
  -0.1166346000000000E-02       5       3
  -0.3782669700000000E-01       5       4
  -0.7019546900000000E-01       5       5
  -0.2157638800000000E-01       5       6
   0.3811871800000000E-01       5       7
   0.1122080800000000E-01       5       8
   0.1321486100000000E-01       5       9
  -0.3316082100000000E-01       5      10
  -0.2164671500000000E-01       5      11
   0.1528139100000000E-01       5      12
   0.1444318300000000E-01       5      13
   0.8251525699999999E-01       5      14
  -0.5753518000000000E-02       5      15
 
  -0.7977176100000000E-01       1       2       1
   0.5770443400000000E-01       1       2       2
   0.1322858260000000E+00       1       2       3
  -0.1440924840000000E+00       1       2       4
  -0.2181480240000000E+00       1       2       5
  -0.1567911420000000E+00       1       2       6
   0.1466208260000000E+00       1       2       7
  -0.3487801000000000E-02       1       2       8
   0.6558818000000000E-01       1       2       9
   0.1605680490000000E+00       1       2      10
   0.2223949090000000E+00       1       2      11
  -0.1739804880000000E+00       1       2      12
   0.1229810600000000E-01       1       2      13
  -0.1429910870000000E+00       1       2      14
   0.2426263900000000E-01       1       2      15
  -0.5633448400000000E-01       1       3       1
   0.1481436600000000E-01       1       3       2
  -0.1926956300000000E+00       1       3       3
   0.9171330699999999E-01       1       3       4
   0.1667856490000000E+00       1       3       5
   0.8099810100000000E-01       1       3       6
   0.9022988500000000E-01       1       3       7
  -0.7203870000000000E-02       1       3       8
   0.5691535800000000E-01       1       3       9
  -0.1084481220000000E+00       1       3      10
  -0.1369388900000000E+00       1       3      11
   0.1369674080000000E+00       1       3      12
   0.1588975300000000E-01       1       3      13
  -0.1163395250000000E+00       1       3      14
   0.3039444400000000E-01       1       3      15
  -0.3498606000000000E-01       1       4       1
  -0.2060456000000000E-02       1       4       2
  -0.8694742100000000E-01       1       4       3
   0.1761121670000000E+00       1       4       4
   0.8077125900000000E-01       1       4       5
   0.1922777410000000E+00       1       4       6
   0.5264724000000000E-02       1       4       7
  -0.4731400300000000E-01       1       4       8
   0.1106359400000000E-01       1       4       9
  -0.3566720200000000E-01       1       4      10
   0.1290423320000000E+00       1       4      11
  -0.1287724850000000E+00       1       4      12
  -0.2435014400000000E-01       1       4      13
  -0.5796609100000000E-01       1       4      14
   0.2581495800000000E-01       1       4      15
  -0.1378875240000000E+00       1       5       1
  -0.1897751360000000E+00       1       5       2
  -0.2812559100000000E-01       1       5       3
   0.1305978900000000E-01       1       5       4
   0.2115738100000000E+00       1       5       5
   0.1203071500000000E-01       1       5       6
   0.1181998570000000E+00       1       5       7
   0.3552065000000000E-02       1       5       8
   0.2854356900000000E-01       1       5       9
   0.1361954150000000E+00       1       5      10
  -0.5872100000000000E-03       1       5      11
  -0.3344888000000000E-01       1       5      12
  -0.2671333600000000E-01       1       5      13
   0.9321457499999999E-01       1       5      14
   0.1683901500000000E-01       1       5      15
  -0.1016902200000000E+00       2       3       1
  -0.1232903840000000E+00       2       3       2
  -0.4029021700000000E-01       2       3       3
  -0.1234997530000000E+00       2       3       4
  -0.4840552200000000E-01       2       3       5
  -0.2323955670000000E+00       2       3       6
   0.1900259310000000E+00       2       3       7
   0.1070925370000000E+00       2       3       8
   0.1409352770000000E+00       2       3       9
   0.7482812899999999E-01       2       3      10
   0.7040391000000000E-01       2       3      11
   0.1301639370000000E+00       2       3      12
   0.4430670800000000E-01       2       3      13
   0.1134339330000000E+00       2       3      14
  -0.4146941000000000E-02       2       3      15
  -0.2264547900000000E-01       2       4       1
   0.2819196310000000E+00       2       4       2
   0.7139476200000000E-01       2       4       3
   0.6055582700000000E-01       2       4       4
  -0.1538087030000000E+00       2       4       5
   0.4763915900000000E-01       2       4       6
  -0.1587913540000000E+00       2       4       7
  -0.9592016700000000E-01       2       4       8
  -0.1112618120000000E+00       2       4       9
  -0.1060867700000000E-01       2       4      10
  -0.3012944610000000E+00       2       4      11
   0.2322214260000000E+00       2       4      12
   0.1570884250000000E+00       2       4      13
   0.2709728270000000E+00       2       4      14
  -0.1432986420000000E+00       2       4      15
   0.2001650360000000E+00       2       5       1
   0.1676299890000000E+00       2       5       2
   0.1604472960000000E+00       2       5       3
  -0.2538751010000000E+00       2       5       4
  -0.3458591560000000E+00       2       5       5
  -0.2074486660000000E+00       2       5       6
   0.2022990000000000E-01       2       5       7
  -0.1098292800000000E-01       2       5       8
   0.4197988000000000E-01       2       5       9
   0.6220459900000000E-01       2       5      10
   0.9554822600000000E-01       2       5      11
   0.1888264000000000E-02       2       5      12
   0.2648857800000000E-01       2       5      13
   0.2997158200000000E-01       2       5      14
   0.8059623000000000E-01       2       5      15
  -0.1195292161000000E+01       3       4       1
  -0.3103116734000000E+01       3       4       2
   0.2071446000000000E+00       3       4       3
   0.2139968517000000E+01       3       4       4
   0.2261134490000000E+01       3       4       5
   0.1010371543000000E+01       3       4       6
  -0.4179519240000000E+00       3       4       7
  -0.1938794650000000E+00       3       4       8
  -0.7787445150000000E+00       3       4       9
   0.3201665500000000E-01       3       4      10
   0.1374797509000000E+01       3       4      11
  -0.5515160380000000E+00       3       4      12
  -0.5371825160000000E+00       3       4      13
  -0.3759049160000000E+00       3       4      14
   0.1612434120000000E+00       3       4      15
   0.2299672670000000E+00       3       5       1
   0.2651705570000000E+00       3       5       2
  -0.3584737640000000E+00       3       5       3
   0.4307133950000000E+00       3       5       4
   0.1863313340000000E+00       3       5       5
   0.2341555060000000E+00       3       5       6
  -0.1631349740000000E+00       3       5       7
  -0.1215722160000000E+00       3       5       8
  -0.3151256320000000E+00       3       5       9
  -0.8255136620000000E+00       3       5      10
  -0.1203604570000000E+01       3       5      11
   0.7721569200000000E+00       3       5      12
   0.3249851010000000E+00       3       5      13
   0.9648078230000000E+00       3       5      14
  -0.4043778840000000E+00       3       5      15
  -0.1697416154000000E+01       4       5       1
  -0.1666165606000000E+01       4       5       2
  -0.1589104427000000E+01       4       5       3
   0.2627992286000000E+01       4       5       4
   0.2549725004000000E+01       4       5       5
   0.1621944133000000E+01       4       5       6
   0.1442421770000000E+00       4       5       7
  -0.5232532550000000E+00       4       5       8
  -0.3786992640000000E+00       4       5       9
   0.1071122440000000E+00       4       5      10
   0.2360178355000000E+01       4       5      11
  -0.9240844840000000E+00       4       5      12
  -0.1259670793000000E+01       4       5      13
  -0.2811277048000000E+01       4       5      14
   0.1258177539000000E+01       4       5      15
