#t 0-1 0-2 0-3 0-4 0-5 0-6 1-2 1-3 1-4 1-5 1-6 2-3 2-4 2-5 2-6 3-4 3-5 3-6 4-5 4-6 5-6
.241890 0.028983 0.211294 0.452291 0.167788 0.113817 0.250302 0.477671 0.225275 0.279145 0.263081 0.385671 6.9989 2.06514 1.05037 0.479125 1.82064 0.747122 1.27962 3.30989 1.43889 22.8372
.483780 0.0290368 0.208943 0.446444 0.176966 0.214894 0.23683 0.480672 0.235485 0.284761 0.28822 0.399331 5.82101 2.25607 0.889531 0.674212 2.0966 1.2114 0.81169 2.16577 2.82522 54.6207
.725670 0.0292484 0.203356 0.440826 0.187009 0.269616 0.17344 0.491364 0.24292 0.286686 0.327846 0.346666 4.70068 2.43612 0.67583 0.963749 2.52059 1.41368 0.595899 1.98638 2.77813 16.2336
.967560 0.0295943 0.194557 0.435685 0.196922 0.280815 0.1523 0.512495 0.247894 0.283717 0.330707 0.330908 3.69252 2.54555 0.631381 1.05913 3.14182 1.59856 0.607968 2.20178 2.42916 7.26302
1.209450 0.0300935 0.183071 0.431693 0.204952 0.286205 0.142899 0.547161 0.25083 0.27552 0.327545 0.328059 2.82988 2.52081 0.613633 1.0977 4.02364 1.87336 0.641375 2.46153 2.07158 4.22461
1.451340 0.0308144 0.169986 0.429531 0.208355 0.290597 0.139574 0.598217 0.252026 0.263807 0.322534 0.332926 2.14439 2.33807 0.590997 1.08717 5.21998 2.28755 0.677427 2.76735 1.75031 2.90412
1.693230 0.0316119 0.157109 0.430001 0.203281 0.295415 0.140384 0.669089 0.251543 0.252061 0.315978 0.342918 1.63552 2.04329 0.558595 1.03264 6.72476 2.91625 0.716316 3.10981 1.48612 2.28414
1.935120 0.0325862 0.145988 0.433609 0.18553 0.3017 0.144078 0.766136 0.249389 0.244698 0.307206 0.355903 1.27677 1.71747 0.521702 0.945579 8.28223 3.88709 0.769102 3.40814 1.28261 2.00901
2.177010 0.0337082 0.137409 0.438273 0.153979 0.310759 0.149919 0.899582 0.245906 0.244994 0.295508 0.370128 1.02965 1.42153 0.48804 0.842249 8.88925 5.34097 0.854677 3.41865 1.11631 1.92239
2.418900 0.034983 0.131292 0.434814 0.128047 0.323929 0.157275 1.08594 0.243348 0.25192 0.279949 0.383904 0.856166 1.17921 0.460807 0.736145 7.13196 7.17409 0.978634 2.83464 0.95522 1.93283
2.660790 0.0365598 0.127203 0.415515 0.134149 0.3423 0.165456 1.35081 0.246588 0.259982 0.260716 0.395335 0.718674 0.99829 0.438557 0.636378 4.52187 8.77556 1.10672 2.24164 0.810846 1.97685
2.902680 0.0386657 0.124623 0.387817 0.145346 0.365184 0.173669 1.73644 0.255509 0.266556 0.240308 0.402857 0.595192 0.874869 0.416615 0.547536 3.11516 9.50911 1.21557 3.17 0.732466 1.99878
3.144570 0.0415803 0.123124 0.359876 0.144004 0.389206 0.180933 2.31126 0.264875 0.272686 0.224294 0.405627 0.487016 0.789435 0.392565 0.47206 2.906 9.15835 1.30448 5.32016 0.754936 1.95308
3.386460 0.0455971 0.122342 0.334413 0.141355 0.408118 0.186543 3.19038 0.270617 0.278384 0.220482 0.403948 0.398734 0.720553 0.373577 0.411372 3.42048 7.93387 1.36274 9.02976 0.885909 1.81684
3.628350 0.0516682 0.121765 0.311923 0.164893 0.412715 0.19007 4.54589 0.271397 0.282258 0.235384 0.398685 0.331225 0.649636 0.375382 0.366504 4.0432 6.24626 1.37637 16.0259 1.08315 1.5874
3.870240 0.0605646 0.120856 0.29225 0.225874 0.393507 0.191257 6.57498 0.267838 0.282959 0.26854 0.390358 0.282596 0.564914 0.401614 0.3376 4.44593 4.47401 1.34277 24.1913 1.26775 1.29641
4.112130 0.0729353 0.118818 0.274697 0.298602 0.350771 0.189884 9.25031 0.260349 0.280965 0.313143 0.378525 0.250624 0.474645 0.426436 0.324886 4.48648 2.93661 1.26656 26.5394 1.36649 1.02693
4.354020 0.0881968 0.115369 0.259017 0.357199 0.299274 0.185337 11.7829 0.249786 0.275922 0.358728 0.362657 0.233209 0.404839 0.42412 0.326461 4.24077 1.84061 1.15316 22.1207 1.36894 0.860244
4.595910 0.103829 0.111852 0.245377 0.39642 0.25301 0.17683 12.8473 0.238084 0.264782 0.39443 0.344633 0.226142 0.371906 0.397279 0.335565 3.89542 1.17016 1.00641 16.0312 1.31342 0.791749
4.837800 0.117342 0.110811 0.234425 0.421393 0.217139 0.163839 12.2645 0.227303 0.248335 0.413046 0.328459 0.223861 0.367203 0.36314 0.342175 3.57255 0.798391 0.830797 11.2009 1.23145 0.770312
5.079690 0.128073 0.111875 0.225942 0.437496 0.191306 0.148103 11.0951 0.216442 0.229917 0.415592 0.315964 0.22262 0.370192 0.333942 0.339323 3.32075 0.602436 0.641207 7.99226 1.13661 0.759533
5.321580 0.136466 0.112814 0.219603 0.448218 0.173274 0.133973 10.1197 0.202686 0.211456 0.408141 0.306521 0.221277 0.36632 0.312634 0.325882 3.14466 0.498567 0.467603 5.97121 1.038 0.745282
5.563470 0.142922 0.111375 0.21477 0.455673 0.161005 0.125044 9.59529 0.185855 0.19407 0.396011 0.30122 0.219359 0.351383 0.298787 0.305605 3.03907 0.441193 0.337849 4.69513 0.9465 0.727338
5.805360 0.147584 0.108052 0.212028 0.460949 0.153042 0.120941 9.55962 0.169899 0.179285 0.382494 0.304227 0.216348 0.329412 0.291425 0.282745 3.00103 0.410176 0.260503 3.86408 0.867405 0.708935
6.047250 0.150247 0.105416 0.212119 0.464512 0.14838 0.118685 10.0083 0.159795 0.167381 0.368778 0.325151 0.211632 0.307496 0.289748 0.259302 3.03614 0.396452 0.233683 3.29833 0.794724 0.691288
6.289140 0.150445 0.105914 0.214546 0.466739 0.146232 0.111647 10.889 0.157603 0.156514 0.354858 0.386361 0.204775 0.290816 0.293066 0.245213 3.15805 0.395423 0.267864 2.89892 0.697587 0.662467
6.531030 0.147635 0.111116 0.218605 0.46794 0.145805 0.0859178 11.8945 0.16257 0.144303 0.339974 0.466341 0.195492 0.281324 0.300416 0.295933 3.3722 0.402649 0.360326 2.60761 0.527363 0.579721
6.772920 0.142634 0.119669 0.222863 0.468475 0.146525 0.0573845 12.3636 0.170722 0.13088 0.325191 0.458822 0.185225 0.27731 0.308617 0.37593 3.63783 0.411755 0.414706 2.38709 0.407506 0.501314
7.014810 0.137063 0.129254 0.227022 0.468723 0.147908 0.0439726 11.9943 0.178534 0.118499 0.312496 0.408287 0.176108 0.275816 0.314278 0.423428 3.8985 0.417363 0.434949 2.21406 0.384275 0.493382
7.256700 0.1323 0.138292 0.230618 0.468964 0.149752 0.0392725 11.0702 0.184672 0.10843 0.303167 0.358611 0.169388 0.274868 0.31643 0.448755 4.11468 0.417866 0.449116 2.07765 0.397404 0.535176
7.498590 0.129065 0.146267 0.233566 0.469319 0.151869 0.0382226 9.99876 0.189034 0.100849 0.297265 0.319237 0.165255 0.273983 0.315345 0.461769 4.25148 0.412631 0.465705 1.96931 0.425347 0.621748
7.740480 0.127664 0.153123 0.235883 0.469948 0.154059 0.0387509 9.04845 0.1922 0.0949899 0.294038 0.290213 0.163354 0.273138 0.311963 0.467381 4.28291 0.401922 0.486346 1.88038 0.464975 0.77188
7.982370 0.128034 0.159204 0.237547 0.4709 0.156254 0.0401401 8.32656 0.194609 0.0903638 0.292789 0.270173 0.163123 0.272376 0.306974 0.468494 4.1924 0.3867 0.512746 1.80735 0.520345 1.04116
8.224260 0.13005 0.164703 0.238706 0.472132 0.158343 0.0422294 7.84526 0.196624 0.0866969 0.293142 0.257006 0.16412 0.271811 0.301142 0.466728 3.98684 0.368991 0.545631 1.74697 0.60053 1.58411
8.466150 0.133574 0.169779 0.239633 0.473539 0.16012 0.0453553 7.58761 0.198478 0.0841825 0.295459 0.248254 0.166181 0.271597 0.29487 0.462873 3.68652 0.352646 0.585721 1.69456 0.724496 2.94975
8.708040 0.138621 0.174402 0.24054 0.474963 0.160842 0.0518147 7.5383 0.2001 0.0835882 0.30283 0.238989 0.169182 0.27189 0.28931 0.45668 3.32017 0.351114 0.628762 1.63946 0.938805 8.39986
8.949930 0.145154 0.17849 0.24181 0.476166 0.142622 0.0955161 7.68019 0.201492 0.0863209 0.333901 0.199349 0.173173 0.273295 0.31997 0.42294 2.92282 0.511836 0.579548 1.47742 1.42626 64.5043
9.191820 0.152698 0.182178 0.243584 0.476718 0.0710144 0.159894 7.91332 0.202736 0.0937238 0.303971 0.249925 0.177738 0.277165 0.419886 0.303344 2.54462 0.800042 0.275804 1.91502 1.66298 14.4771
9.433710 0.16257 0.184651 0.245946 0.475466 0.07934 0.163719 8.32139 0.20359 0.112663 0.299011 0.266839 0.183241 0.288309 0.408213 0.285884 2.1639 0.924299 0.248962 4.09154 1.63722 3.30537
9.675600 0.174476 0.18562 0.248855 0.461327 0.141915 0.164032 8.72597 0.204204 0.166235 0.291938 0.273614 0.189245 0.331444 0.357402 0.279212 1.77295 1.13813 0.243703 15.4717 1.57562 1.61936
9.917490 0.188284 0.184642 0.252041 0.257206 0.408877 0.163015 8.9318 0.20465 0.333979 0.129805 0.281044 0.195222 0.453907 0.126852 0.274802 1.13806 1.58021 0.247731 35.2534 1.00459 1.72262
10.159380 0.203798 0.181737 0.255414 0.113385 0.469591 0.160593 8.75347 0.205367 0.374119 0.0862612 0.293552 0.200748 0.425276 0.155337 0.270863 1.24529 1.42184 0.26145 5.60382 0.716172 1.85225
10.401270 0.221411 0.176211 0.258874 0.0862839 0.474976 0.156376 8.07838 0.20666 0.395496 0.112687 0.314822 0.20534 0.398935 0.166424 0.265698 1.51781 1.22934 0.28563 1.81967 0.665174 1.98468
10.643160 0.239467 0.169349 0.2622 0.0796083 0.475331 0.15052 7.0026 0.209504 0.414755 0.135201 0.344455 0.208235 0.380489 0.162094 0.257897 1.88239 1.07558 0.318016 0.894377 0.665637 2.2033
10.885050 0.257329 0.162237 0.265259 0.0793553 0.474035 0.144767 5.79774 0.214741 0.430646 0.153851 0.377212 0.208836 0.369039 0.153251 0.246759 2.40848 0.955913 0.353436 0.552895 0.67677 2.55531
11.126940 0.274694 0.155671 0.267591 0.083177 0.471125 0.142814 4.69155 0.223991 0.442519 0.170539 0.406113 0.206393 0.364434 0.143812 0.232926 3.24076 0.865164 0.386312 0.39552 0.679282 3.13789
11.368830 0.291618 0.149779 0.268117 0.0930645 0.465383 0.150477 3.78094 0.241912 0.448474 0.189066 0.426452 0.199504 0.366396 0.135844 0.217805 4.74254 0.802231 0.411313 0.313442 0.667702 4.17528
11.610720 0.308247 0.144619 0.262043 0.118299 0.452202 0.178777 3.07361 0.282788 0.439542 0.218185 0.433867 0.187467 0.373918 0.131694 0.2017 7.96918 0.77048 0.418762 0.277153 0.639865 6.22346
11.852610 0.324768 0.140134 0.228415 0.180866 0.414675 0.249006 2.53686 0.378636 0.378869 0.27851 0.414349 0.195003 0.373351 0.136538 0.18121 13.9103 0.764103 0.383616 0.337751 0.585187 10.2375
12.094500 0.341243 0.136451 0.159691 0.248253 0.322051 0.357758 2.13227 0.479033 0.268023 0.376121 0.342751 0.263362 0.334232 0.153323 0.150478 12.0024 0.739098 0.288735 0.520354 0.495193 12.6975
12.336390 0.357619 0.133169 0.1215 0.273248 0.222606 0.424377 1.82587 0.518419 0.218488 0.441375 0.266379 0.308903 0.300074 0.162843 0.123692 7.31553 0.708581 0.208888 0.624194 0.433211 8.97492
12.578280 0.37388 0.130026 0.107807 0.283128 0.167072 0.447058 1.59019 0.53916 0.204958 0.467161 0.228525 0.332615 0.282188 0.162298 0.109429 5.04821 0.681199 0.175853 0.675921 0.404092 5.92117
12.820170 0.390087 0.127179 0.103286 0.28897 0.138536 0.454812 1.40576 0.556193 0.201239 0.478265 0.211644 0.348464 0.271465 0.158658 0.101388 3.88541 0.658914 0.160497 0.715282 0.383919 4.32593
13.062060 0.406065 0.124471 0.102511 0.293405 0.122612 0.457573 1.25832 0.572502 0.200464 0.483782 0.203262 0.360867 0.263825 0.154441 0.0960476 3.20247 0.640435 0.151268 0.750924 0.36653 3.43521
13.303950 0.421796 0.121781 0.103533 0.297173 0.113002 0.458313 1.13795 0.588823 0.200671 0.486653 0.198527 0.371308 0.257639 0.150355 0.0921255 2.76103 0.624605 0.144751 0.784179 0.351245 2.88394
13.545840 0.437021 0.118991 0.105609 0.300535 0.106978 0.458285 1.0372 0.605257 0.201139 0.488104 0.195538 0.380233 0.251908 0.146567 0.0891499 2.4548 0.610632 0.139894 0.81495 0.337551 2.51421
13.787730 0.451917 0.11615 0.108299 0.303638 0.103168 0.457736 0.951398 0.621747 0.201658 0.488604 0.193516 0.387826 0.246516 0.143172 0.0868397 2.23318 0.598388 0.136157 0.843167 0.325698 2.2528
14.029620 0.466276 0.113186 0.111433 0.306516 0.100855 0.456932 0.876829 0.63822 0.20216 0.488479 0.192039 0.393982 0.241125 0.14017 0.0849932 2.06704 0.58743 0.13323 0.868868 0.315237 2.0595
14.271510 0.480022 0.110061 0.11489 0.309206 0.0995974 0.455974 0.811059 0.654576 0.202592 0.487932 0.190897 0.398664 0.235678 0.137573 0.0833854 1.93964 0.57761 0.130919 0.891515 0.306018 1.91237
14.513400 0.49302 0.106786 0.11856 0.311716 0.0991066 0.454912 0.752236 0.670647 0.202959 0.487123 0.189969 0.401775 0.230103 0.135379 0.0817508 1.84029 0.568781 0.129093 0.911083 0.297788 1.79772
14.755290 0.505239 0.103411 0.122372 0.314052 0.0991743 0.453807 0.6991 0.686283 0.203247 0.486152 0.189184 0.403274 0.224364 0.133591 0.0799357 1.76219 0.560822 0.127671 0.927406 0.290355 1.70693
14.997180 0.516607 0.099939 0.126258 0.31622 0.0996472 0.452671 0.650687 0.701354 0.203452 0.485099 0.188506 0.403146 0.218455 0.132198 0.077772 1.70046 0.553652 0.126502 0.940346 0.283582 1.63421
15.239070 0.527148 0.0963474 0.130163 0.318248 0.100389 0.451555 0.606276 0.715771 0.203601 0.48406 0.187903 0.401426 0.212397 0.131136 0.0752429 1.65186 0.547297 0.125614 0.95012 0.277428 1.57536
15.480960 0.536785 0.0927389 0.134066 0.320155 0.101297 0.450484 0.565106 0.729478 0.20368 0.483051 0.187344 0.398205 0.20621 0.130406 0.0723912 1.61373 0.541647 0.124912 0.956775 0.271825 1.52742
15.722850 0.545438 0.0891554 0.137916 0.321899 0.102318 0.449489 0.526794 0.742333 0.203753 0.48214 0.186813 0.393627 0.199908 0.129934 0.0693118 1.58407 0.536693 0.124343 0.960536 0.266757 1.48818
15.964740 0.553075 0.085587 0.141692 0.323489 0.103401 0.448588 0.490892 0.754245 0.203823 0.481365 0.186304 0.387847 0.193557 0.129683 0.0661402 1.56145 0.532398 0.123882 0.961484 0.262167 1.45614
16.206630 0.559734 0.0820126 0.145364 0.324912 0.104512 0.447792 0.457161 0.76515 0.2039 0.480699 0.185793 0.380903 0.18716 0.129594 0.0629621 1.54488 0.528656 0.123539 0.959783 0.257968 1.43014
16.448520 0.565483 0.0784609 0.148886 0.326205 0.105605 0.447078 0.425369 0.77507 0.20396 0.480144 0.185332 0.372949 0.180781 0.129688 0.0598582 1.53387 0.525427 0.123211 0.955274 0.254104 1.40969
16.690410 0.570171 0.07498 0.152259 0.327324 0.106709 0.446473 0.395296 0.783906 0.20402 0.479694 0.184856 0.364037 0.17439 0.129931 0.0569197 1.52718 0.522481 0.122957 0.948336 0.250322 1.39349
16.932300 0.573825 0.0715484 0.155443 0.328302 0.107797 0.445967 0.366723 0.791643 0.204076 0.479327 0.184345 0.354289 0.168026 0.130292 0.0541786 1.52458 0.520061 0.122753 0.939071 0.247267 1.38131
17.174190 0.576452 0.0680729 0.158452 0.329109 0.108837 0.445577 0.339581 0.798232 0.204121 0.479073 0.183762 0.343827 0.161643 0.130715 0.0517039 1.52554 0.518013 0.122574 0.927771 0.244692 1.37254
17.416080 0.578113 0.0648734 0.161133 0.329782 0.109784 0.44533 0.313735 0.803703 0.204129 0.478884 0.183142 0.332809 0.155301 0.131154 0.0494041 1.5297 0.516386 0.122445 0.914888 0.242756 1.36707
17.657970 0.578838 0.0618196 0.163572 0.330315 0.110617 0.445208 0.289142 0.80803 0.204112 0.478744 0.182466 0.321492 0.148978 0.131536 0.0473145 1.53675 0.515158 0.122338 0.900642 0.241531 1.36452
17.899860 0.57864 0.0589401 0.165704 0.330728 0.111382 0.445239 0.265721 0.811208 0.204053 0.478676 0.181691 0.310023 0.142693 0.131865 0.0454593 1.54633 0.514281 0.122255 0.885307 0.241071 1.3645
18.141750 0.577496 0.0561251 0.167508 0.331003 0.112042 0.445382 0.24354 0.813309 0.20391 0.478526 0.18083 0.298627 0.136491 0.132159 0.0438213 1.55878 0.513737 0.122231 0.86889 0.24122 1.36678
18.383640 0.575694 0.0535475 0.169007 0.331116 0.112623 0.44561 0.222686 0.814271 0.203658 0.478306 0.17987 0.287568 0.130234 0.132417 0.0423542 1.57374 0.513424 0.122214 0.851544 0.241971 1.37093
18.625530 0.573062 0.0509953 0.170166 0.331086 0.113154 0.445961 0.203064 0.81401 0.203298 0.47797 0.178868 0.276985 0.124308 0.132658 0.0411055 1.59096 0.513305 0.122334 0.833191 0.243324 1.37681
18.867420 0.569469 0.0485894 0.17098 0.331011 0.113611 0.446393 0.184512 0.812737 0.202882 0.47752 0.177831 0.267226 0.118461 0.1327 0.0400054 1.61106 0.513281 0.122405 0.813574 0.244958 1.38477
19.109310 0.56525 0.0464523 0.171512 0.330875 0.11404 0.44687 0.167095 0.810481 0.202302 0.476879 0.176754 0.258293 0.112667 0.132812 0.0390847 1.63467 0.513297 0.122476 0.792912 0.246921 1.39489
19.351200 0.560071 0.044468 0.171719 0.33064 0.114498 0.447404 0.150807 0.807224 0.201604 0.476017 0.175565 0.250282 0.107025 0.132889 0.0383954 1.66145 0.513188 0.122623 0.771072 0.249114 1.40626
19.593090 0.554119 0.042681 0.171528 0.330268 0.114967 0.447973 0.135674 0.803047 0.200825 0.474916 0.174273 0.242797 0.101242 0.132932 0.0377723 1.6921 0.512883 0.122755 0.748112 0.251273 1.41916
19.834980 0.547401 0.0409286 0.171123 0.32995 0.11544 0.448651 0.121505 0.798099 0.19991 0.473668 0.173016 0.236464 0.095885 0.132996 0.0374546 1.72691 0.512412 0.122978 0.723934 0.253771 1.43379
20.076870 0.540012 0.0392827 0.170446 0.329642 0.115937 0.449371 0.108355 0.792443 0.198948 0.472264 0.171761 0.23098 0.0907462 0.133076 0.0373324 1.7667 0.511726 0.123217 0.698727 0.256311 1.45051
20.318760 0.532126 0.0377473 0.169492 0.329354 0.116443 0.450148 0.0962398 0.786179 0.197905 0.470669 0.17049 0.226206 0.0857417 0.13316 0.037433 1.81243 0.510865 0.123513 0.672732 0.258821 1.46922
20.560650 0.523688 0.0363645 0.168327 0.329094 0.116972 0.450976 0.0850993 0.77937 0.196821 0.468939 0.169215 0.222198 0.0809421 0.133257 0.0378563 1.86471 0.509789 0.124 0.646151 0.261165 1.48991
20.802540 0.514848 0.0351253 0.166963 0.328857 0.117497 0.451877 0.0750459 0.772062 0.19572 0.467139 0.167987 0.218768 0.0763392 0.133345 0.0383723 1.92464 0.508548 0.124427 0.619214 0.263268 1.51299
21.044430 0.505759 0.0340053 0.165415 0.328658 0.118005 0.452806 0.0661228 0.76437 0.194663 0.465306 0.166815 0.215949 0.0720516 0.133397 0.0391399 1.9934 0.507229 0.124882 0.592261 0.2652 1.53862
21.286320 0.496568 0.0329575 0.163707 0.328503 0.118509 0.453771 0.0583675 0.756387 0.193652 0.463489 0.165701 0.213715 0.0680196 0.133436 0.0401877 2.07247 0.505879 0.125529 0.565547 0.266948 1.56732
21.528210 0.487395 0.0320139 0.161872 0.32832 0.119007 0.454785 0.0520264 0.748094 0.192698 0.461736 0.164651 0.211967 0.0643011 0.133432 0.0414683 2.16329 0.504536 0.126296 0.539353 0.268499 1.5996
21.770100 0.478225 0.0311763 0.159993 0.328258 0.119505 0.455826 0.0465882 0.739837 0.191851 0.460085 0.16364 0.210702 0.0610526 0.133416 0.0429816 2.26844 0.503234 0.12719 0.513837 0.269875 1.6361
22.011990 0.46911 0.0305517 0.158051 0.328203 0.120011 0.456925 0.0424266 0.731475 0.191172 0.45859 0.1627 0.209842 0.0585018 0.133312 0.0446812 2.39003 0.501993 0.128231 0.489193 0.271159 1.67763
22.253880 0.460233 0.0299379 0.156101 0.328178 0.120533 0.458056 0.0394457 0.723157 0.190673 0.457243 0.161868 0.209596 0.0564129 0.133131 0.0465618 2.53223 0.50087 0.129419 0.465534 0.272354 1.7262
22.495770 0.451619 0.0294016 0.154201 0.328187 0.121105 0.45922 0.037553 0.714963 0.190389 0.456059 0.161167 0.210034 0.0550513 0.132942 0.0486246 2.70004 0.499852 0.130816 0.442839 0.273413 1.78345
22.737660 0.443232 0.0289467 0.152368 0.328172 0.121769 0.460414 0.0366201 0.706823 0.190382 0.455027 0.160603 0.211124 0.0544365 0.132785 0.0508398 2.89782 0.498806 0.132419 0.421171 0.274538 1.85186
22.979550 0.435273 0.0285606 0.150679 0.328163 0.12257 0.461629 0.0364548 0.699031 0.190723 0.454124 0.160229 0.212593 0.0545382 0.132676 0.0531472 3.13521 0.497846 0.1342 0.40061 0.275595 1.93508
23.221440 0.427803 0.0282231 0.149198 0.328139 0.123544 0.46285 0.0367826 0.691504 0.191506 0.453308 0.160069 0.21476 0.0553293 0.132663 0.0555331 3.42218 0.49698 0.136157 0.381172 0.276783 2.037
23.463330 0.420815 0.0279117 0.147976 0.328011 0.124763 0.464092 0.0374092 0.684267 0.192876 0.452564 0.160091 0.217251 0.0566901 0.132771 0.0579258 3.77274 0.496084 0.138214 0.362854 0.277964 2.16291
23.705220 0.414374 0.0276798 0.147171 0.327767 0.12627 0.465362 0.0382889 0.67728 0.195019 0.451723 0.160375 0.219989 0.0586422 0.132995 0.0604527 4.2071 0.495179 0.140472 0.345709 0.279303 2.32052
23.947110 0.408511 0.0274691 0.146888 0.327339 0.128106 0.466634 0.0391161 0.670519 0.198285 0.450803 0.160959 0.222769 0.061201 0.133342 0.0630595 4.75401 0.49422 0.142784 0.329621 0.28082 2.51981
24.189000 0.403256 0.0273256 0.147377 0.326636 0.130415 0.46789 0.0399565 0.663866 0.203128 0.44968 0.161914 0.225439 0.0644589 0.13385 0.0657513 5.4586 0.493185 0.145008 0.31455 0.282576 2.77637
24.430890 0.398613 0.0272209 0.148973 0.325515 0.133332 0.469078 0.0407251 0.657078 0.210334 0.448264 0.163396 0.227762 0.0682671 0.134405 0.0685646 6.38631 0.49203 0.147017 0.300409 0.284699 3.11402
24.672780 0.394573 0.0271519 0.152177 0.323733 0.137094 0.470108 0.0413424 0.649715 0.221066 0.446447 0.16558 0.229584 0.072972 0.134976 0.0715424 7.63551 0.490662 0.148632 0.287213 0.287401 3.56923
24.914670 0.391101 0.027117 0.157743 0.320822 0.142094 0.470833 0.0418466 0.640924 0.237037 0.444027 0.168784 0.230648 0.078989 0.13531 0.0747606 9.34867 0.48875 0.149645 0.275081 0.290731 4.20447
25.156560 0.388183 0.0271137 0.16669 0.316113 0.149077 0.470983 0.0422137 0.629343 0.260478 0.440698 0.173584 0.230592 0.0870413 0.135235 0.0783509 11.6997 0.485918 0.149831 0.264393 0.295183 5.12876
25.398450 0.385826 0.0271478 0.180104 0.308601 0.159371 0.470012 0.0423971 0.612887 0.293569 0.435875 0.180993 0.228666 0.0980407 0.134476 0.0824943 14.7858 0.481484 0.148961 0.255803 0.301393 6.54107
25.640340 0.384003 0.0272238 0.198394 0.297204 0.175445 0.466757 0.0424137 0.589292 0.337009 0.428706 0.192939 0.22401 0.112521 0.132578 0.0875889 18.3657 0.474455 0.147039 0.249636 0.310416 8.81918
25.882230 0.38276 0.0273158 0.220254 0.281537 0.2019 0.458582 0.0422637 0.557442 0.387488 0.416793 0.213015 0.216441 0.129752 0.128838 0.0942765 21.5398 0.46411 0.144856 0.243882 0.324234 12.661
26.124120 0.381921 0.0274834 0.242442 0.262943 0.245874 0.439392 0.0419259 0.51963 0.43818 0.395099 0.246806 0.206133 0.147682 0.121802 0.103548 23.1447 0.449769 0.146612 0.231463 0.345676 18.9264
26.366010 0.381618 0.0276799 0.261574 0.244371 0.312224 0.398227 0.041504 0.481734 0.481929 0.354797 0.298101 0.194991 0.162884 0.109858 0.115826 22.83 0.42884 0.164385 0.203157 0.375103 26.3282
26.607900 0.381641 0.0278397 0.27619 0.228219 0.384816 0.332554 0.0408703 0.448705 0.5159 0.295947 0.353333 0.184993 0.17466 0.0951368 0.127323 21.2812 0.398181 0.202557 0.166922 0.401985 27.6423
26.849790 0.381975 0.0281226 0.286719 0.215671 0.435875 0.267209 0.040341 0.423095 0.541261 0.241219 0.389761 0.177108 0.183025 0.0847577 0.132983 19.3539 0.36599 0.237898 0.149042 0.415444 21.554
27.091680 0.382577 0.0284618 0.294032 0.206621 0.463617 0.221751 0.0398427 0.404914 0.560012 0.205709 0.406828 0.171138 0.188691 0.0802748 0.133731 17.5475 0.342311 0.257939 0.149427 0.419177 15.3425
27.333570 0.383347 0.0288101 0.299095 0.200445 0.478873 0.193893 0.0393477 0.393131 0.574229 0.185692 0.413895 0.16664 0.192767 0.0788459 0.132046 16.0383 0.327339 0.267558 0.154932 0.418958 11.3484
27.575460 0.384333 0.0290784 0.302592 0.196493 0.488404 0.176813 0.0389033 0.38647 0.5854 0.174344 0.416679 0.163444 0.195233 0.078492 0.129392 14.8344 0.317931 0.272172 0.160288 0.417179 8.95231
27.817350 0.385418 0.0295703 0.304982 0.194372 0.495176 0.165999 0.0385431 0.384029 0.594605 0.167733 0.417743 0.161371 0.196661 0.0783922 0.126309 13.8889 0.311855 0.274641 0.164516 0.414585 7.48627
28.059240 0.386564 0.0300887 0.3066 0.193597 0.500528 0.158931 0.038264 0.384904 0.602511 0.163824 0.418277 0.159817 0.19724 0.0782509 0.12306 13.1428 0.307791 0.276143 0.167592 0.411498 6.56018
28.301130 0.387736 0.0306444 0.307659 0.19381 0.505081 0.15422 0.037929 0.38837 0.609599 0.161513 0.418854 0.158851 0.19729 0.0779723 0.119796 12.541 0.305022 0.277241 0.169803 0.408102 5.95867
28.543020 0.388839 0.0312616 0.308344 0.194797 0.509132 0.15116 0.0378916 0.393964 0.616206 0.16024 0.419771 0.158218 0.196865 0.0775321 0.116598 12.0415 0.303158 0.278141 0.171271 0.404529 5.56756
28.784910 0.389944 0.0319619 0.30881 0.196429 0.512827 0.149387 0.0382543 0.401411 0.622664 0.159743 0.421217 0.157716 0.196298 0.0768992 0.113483 11.6176 0.302032 0.27894 0.172078 0.400919 5.32642
29.026800 0.390913 0.0327044 0.308935 0.198581 0.516212 0.148687 0.0386186 0.410551 0.628746 0.159904 0.423289 0.1579 0.194975 0.0760561 0.110506 11.2479 0.301446 0.27965 0.17229 0.397271 5.19389
29.268690 0.391807 0.033496 0.308809 0.201199 0.519356 0.149069 0.0391132 0.421286 0.634705 0.160656 0.426038 0.158558 0.193282 0.0750351 0.107639 10.9173 0.301467 0.28027 0.171946 0.393697 5.15443
29.510580 0.392588 0.0343275 0.308497 0.204153 0.522207 0.150532 0.0398016 0.433379 0.640625 0.162027 0.429525 0.15957 0.191464 0.0738911 0.104867 10.6103 0.302084 0.280646 0.171085 0.390281 5.19175
29.752470 0.393248 0.0351849 0.308052 0.207401 0.524745 0.153193 0.0407048 0.446742 0.646543 0.164092 0.433571 0.16079 0.189222 0.0726085 0.102154 10.3179 0.303368 0.280645 0.169684 0.387067 5.29907
29.994360 0.393811 0.0360572 0.307574 0.210841 0.52692 0.157177 0.0419344 0.461228 0.652602 0.167 0.438155 0.162027 0.186803 0.0712343 0.0994767 10.0342 0.305414 0.280107 0.167785 0.384158 5.47284
30.236250 0.394298 0.0369234 0.307017 0.214483 0.528666 0.162657 0.0433567 0.476771 0.658995 0.170931 0.443185 0.16343 0.184283 0.0697596 0.0968132 9.75484 0.308316 0.278904 0.165302 0.381593 5.71037
30.478140 0.394858 0.0377651 0.306422 0.218307 0.52988 0.169883 0.044964 0.49335 0.665787 0.176164 0.448483 0.164938 0.181667 0.0680664 0.0941739 9.47902 0.312196 0.276922 0.162183 0.379434 6.0137
30.720030 0.395573 0.0386784 0.305814 0.222349 0.530406 0.179114 0.046661 0.510981 0.673132 0.183076 0.453874 0.166489 0.178853 0.0663906 0.0915691 9.20322 0.317156 0.273994 0.158657 0.377779 6.38181
30.961920 0.396392 0.0398399 0.305158 0.226564 0.530081 0.190548 0.0486242 0.529795 0.681069 0.191964 0.459159 0.16822 0.175854 0.0646756 0.0889921 8.93073 0.323269 0.269968 0.154801 0.37657 6.81537
31.203810 0.397332 0.0408995 0.30451 0.231005 0.528725 0.204319 0.0507375 0.549737 0.689872 0.203062 0.464137 0.169686 0.172909 0.0628835 0.0864959 8.66195 0.330525 0.26468 0.150753 0.375722 7.30201
31.445700 0.398334 0.0420063 0.303897 0.235624 0.526181 0.22032 0.0531014 0.57084 0.699588 0.216523 0.468554 0.170947 0.169951 0.0610964 0.0840808 8.39926 0.338789 0.258071 0.146857 0.375136 7.82338
31.687590 0.399288 0.042984 0.303336 0.240429 0.52238 0.238171 0.0555358 0.593126 0.710381 0.232243 0.472164 0.172471 0.16693 0.0593749 0.0818151 8.14731 0.348093 0.250215 0.143566 0.374696 8.35368
31.929480 0.400226 0.0441205 0.302855 0.245422 0.517438 0.257498 0.0582867 0.616633 0.722252 0.250011 0.474888 0.173513 0.16361 0.0576707 0.0796751 7.90776 0.357586 0.241242 0.14119 0.374315 8.86178
32.171370 0.401208 0.0452765 0.302415 0.250607 0.511482 0.277617 0.061573 0.641282 0.735339 0.269323 0.476756 0.174373 0.160293 0.0561045 0.0776044 7.68413 0.367165 0.231568 0.140057 0.373922 9.32186
32.413260 0.402179 0.0464462 0.301994 0.256036 0.50469 0.297809 0.0650803 0.667247 0.749752 0.289625 0.47781 0.174969 0.157018 0.0545581 0.0757086 7.48079 0.376565 0.221557 0.140303 0.373346 9.72009
32.655150 0.402928 0.0473499 0.301535 0.26168 0.497414 0.317563 0.0689299 0.694773 0.765264 0.310339 0.478393 0.174975 0.154844 0.0531309 0.0741251 7.30116 0.385444 0.21166 0.141809 0.372567 10.056
32.897040 0.403891 0.0485504 0.301171 0.267721 0.490076 0.336345 0.0730144 0.72382 0.782377 0.330929 0.478489 0.174298 0.151386 0.0518543 0.0726415 7.14884 0.393589 0.202439 0.144622 0.371814 10.3517
33.138930 0.404849 0.0497955 0.300779 0.274112 0.482945 0.353871 0.0776692 0.754526 0.800964 0.350956 0.478486 0.17308 0.147835 0.0507244 0.0713103 7.02739 0.400963 0.19408 0.148341 0.371038 10.6328
33.380820 0.405741 0.0510119 0.300313 0.280801 0.476294 0.37002 0.0825296 0.786839 0.820889 0.369982 0.478602 0.171343 0.14411 0.0497143 0.0701778 6.94076 0.407375 0.186868 0.1526 0.370296 10.9384
33.622710 0.406645 0.0524118 0.299798 0.287926 0.470453 0.384405 0.0877759 0.820926 0.842337 0.387747 0.479127 0.169626 0.140331 0.0487985 0.0691983 6.89206 0.412967 0.181027 0.157123 0.369613 11.309
33.864600 0.407266 0.0536114 0.299167 0.295334 0.465333 0.397146 0.0937446 0.856476 0.86514 0.404037 0.479996 0.167107 0.136922 0.0480365 0.0683799 6.88405 0.417707 0.176369 0.161572 0.369019 11.8011
34.106490 0.407664 0.0546974 0.29828 0.303125 0.46096 0.408435 0.100346 0.893641 0.8892 0.418844 0.481322 0.164068 0.133685 0.047384 0.0677411 6.92207 0.421572 0.17299 0.165915 0.368473 12.4844
34.348380 0.407874 0.0557206 0.296994 0.311354 0.457202 0.418481 0.107558 0.93239 0.914432 0.432236 0.483001 0.160595 0.130548 0.0468363 0.0672508 7.0148 0.424652 0.170787 0.170149 0.367971 13.4561
34.590270 0.40782 0.0566869 0.295255 0.320108 0.453893 0.427534 0.115488 0.972737 0.940724 0.444329 0.484915 0.156793 0.12756 0.0463811 0.0669108 7.17132 0.426995 0.169706 0.174374 0.367422 14.8629
34.832160 0.407621 0.0575298 0.29286 0.32946 0.45097 0.435625 0.124278 1.01444 0.968043 0.454995 0.487038 0.152689 0.124759 0.0460222 0.0666705 7.40516 0.428508 0.169834 0.178823 0.366745 16.9658
35.074050 0.407107 0.0581385 0.289619 0.33943 0.448813 0.442213 0.13458 1.0567 0.996316 0.463622 0.489724 0.148117 0.122347 0.0457906 0.0665709 7.7349 0.429016 0.171432 0.183446 0.365806 20.2674
35.315940 0.406318 0.0589365 0.28541 0.35008 0.448348 0.446514 0.14552 1.0999 1.02588 0.469272 0.493994 0.143826 0.119769 0.0456093 0.0665382 8.18544 0.428015 0.175325 0.188645 0.364618 25.9925
35.557830 0.40531 0.0596871 0.279917 0.361451 0.452775 0.44521 0.157815 1.1431 1.05668 0.468347 0.502988 0.13926 0.117447 0.0454023 0.0668602 8.78751 0.424364 0.184063 0.194437 0.363183 37.7689
35.799720 0.404113 0.0604609 0.272723 0.374 0.477198 0.421387 0.171947 1.18563 1.09044 0.443082 0.531615 0.134206 0.114419 0.0442665 0.0675312 9.58968 0.411415 0.209592 0.201059 0.361682 73.4552
36.041610 0.402677 0.0610747 0.263312 0.3874 0.629952 0.101022 0.187772 1.22722 1.12561 0.172237 0.674193 0.130033 0.112489 0.0488769 0.0649318 10.6512 0.192108 0.418112 0.290533 0.297843 173.261
36.283500 0.400893 0.0615337 0.251238 0.401662 0.53921 0.342397 0.205721 1.26608 1.16324 0.408053 0.566875 0.125615 0.111066 0.0626036 0.0526728 12.023 0.152391 0.430742 0.341453 0.24397 56.8268
36.525390 0.399114 0.0618403 0.236343 0.416649 0.526041 0.36266 0.226783 1.30093 1.20441 0.432745 0.550148 0.121387 0.109951 0.064093 0.0523432 13.7077 0.177609 0.415364 0.336195 0.260153 29.8925
36.767280 0.397339 0.0621586 0.220366 0.431085 0.525215 0.363315 0.252224 1.33026 1.25104 0.43825 0.546264 0.117606 0.109024 0.0648125 0.0533701 15.4999 0.200368 0.395699 0.324181 0.287594 19.7928
37.009170 0.395603 0.0624367 0.209245 0.442218 0.528106 0.357614 0.284101 1.35325 1.30381 0.437677 0.545824 0.114686 0.107865 0.0653738 0.055027 16.7445 0.225422 0.367985 0.305981 0.322834 14.5669
37.251060 0.394216 0.0628473 0.211857 0.446477 0.532529 0.348398 0.324711 1.37141 1.36076 0.433876 0.546502 0.113842 0.106205 0.0658157 0.0571383 16.5265 0.2509 0.332599 0.282472 0.360594 11.4069
37.492950 0.393178 0.0630903 0.230455 0.442617 0.537512 0.336967 0.377808 1.39019 1.41531 0.428131 0.5474 0.115417 0.103375 0.0663986 0.0596776 14.6757 0.272637 0.294725 0.257613 0.393752 9.30557
37.734840 0.392335 0.0631287 0.257426 0.43298 0.542469 0.324102 0.447658 1.41516 1.46169 0.421258 0.547984 0.119796 0.0994332 0.0671614 0.0626492 12.0815 0.287902 0.260891 0.235726 0.418582 7.81035
37.976730 0.391713 0.063389 0.284918 0.420903 0.547134 0.310052 0.543449 1.44826 1.49888 0.413611 0.547971 0.127032 0.094679 0.0679858 0.06604 9.64158 0.297001 0.234284 0.218652 0.43566 6.68891
38.218620 0.391525 0.0635699 0.309907 0.408636 0.55141 0.294889 0.677976 1.49024 1.52771 0.405346 0.547376 0.137282 0.089795 0.0689743 0.0699524 7.70412 0.301598 0.214942 0.206403 0.447121 5.81569
38.460510 0.391652 0.0637257 0.331753 0.397081 0.555175 0.278607 0.871411 1.54044 1.54972 0.39651 0.546165 0.150958 0.0853287 0.0701689 0.0745266 6.25778 0.303231 0.20146 0.197988 0.454761 5.11733
38.702400 0.392 0.0637971 0.350953 0.386387 0.558219 0.261373 1.1532 1.59817 1.56562 0.387331 0.544225 0.168494 0.082098 0.0715941 0.0799262 5.19102 0.303085 0.19228 0.192356 0.459756 4.54958
38.944290 0.392698 0.0639032 0.368239 0.376501 0.560289 0.24351 1.56554 1.66292 1.57538 0.378156 0.54146 0.191798 0.081422 0.0732614 0.0863229 4.39649 0.302097 0.18624 0.188702 0.46269 4.08497
39.186180 0.393596 0.0641714 0.384112 0.367271 0.561231 0.225079 2.16403 1.73421 1.579 0.369242 0.53779 0.22132 0.0853673 0.0753064 0.0940459 3.78996 0.300879 0.182538 0.1866 0.463829 3.70562
39.428070 0.394677 0.06489 0.398927 0.358536 0.560926 0.205661 3.03924 1.81208 1.57702 0.360612 0.533114 0.258875 0.0957026 0.0777237 0.103604 3.317 0.299936 0.181098 0.185759 0.46303 3.40022
39.669960 0.395898 0.0662497 0.413114 0.350217 0.559321 0.184376 4.319 1.89636 1.56995 0.352328 0.526947 0.307615 0.113635 0.0806433 0.115934 2.94275 0.299548 0.182913 0.186232 0.459476 3.16992
39.911850 0.397038 0.0687558 0.426878 0.342304 0.556333 0.159579 6.15776 1.98618 1.55793 0.344449 0.516767 0.369394 0.139433 0.0841707 0.133201 2.64355 0.299966 0.19232 0.188199 0.450513 3.04339
40.153740 0.397938 0.0728409 0.44032 0.334591 0.551843 0.143639 8.67559 2.07932 1.5406 0.337119 0.480148 0.445841 0.171763 0.0882533 0.161383 2.40179 0.3015 0.230902 0.19201 0.426885 3.13213
40.395630 0.398761 0.0787558 0.453437 0.327304 0.545775 0.235472 11.8896 2.17511 1.51879 0.330168 0.320244 0.535725 0.207908 0.0927759 0.185636 2.20524 0.304122 0.311266 0.197971 0.4074 3.3397
40.637520 0.399148 0.0856272 0.466462 0.320195 0.538401 0.295868 15.5356 2.274 1.49254 0.323914 0.210702 0.633947 0.242464 0.0976609 0.181412 2.04405 0.307764 0.329302 0.206985 0.425216 3.46504
40.879410 0.399601 0.0924336 0.479508 0.313341 0.529676 0.322448 19.1536 2.37674 1.46352 0.318321 0.173026 0.735263 0.270123 0.102352 0.175975 1.91089 0.312365 0.3283 0.219457 0.438453 3.69146
41.121300 0.40034 0.097402 0.492616 0.306763 0.519937 0.341322 22.0514 2.48678 1.43419 0.313481 0.157417 0.82881 0.284619 0.106085 0.170743 1.80139 0.317847 0.323938 0.235496 0.447541 3.92419
41.363190 0.401945 0.0987007 0.505732 0.300455 0.509446 0.357263 23.3736 2.60787 1.40638 0.309678 0.151047 0.90174 0.279844 0.108402 0.164794 1.71172 0.323833 0.318347 0.254821 0.453878 4.10604
41.605080 0.404655 0.0952606 0.518784 0.294437 0.498848 0.371133 22.4104 2.7418 1.38074 0.30699 0.150117 0.944102 0.252141 0.109323 0.157544 1.63883 0.329836 0.312316 0.276697 0.458021 4.20765
41.846970 0.408075 0.0881685 0.531662 0.288724 0.488501 0.383138 19.3382 2.88825 1.35581 0.305003 0.152456 0.959852 0.205227 0.109832 0.149046 1.57987 0.33551 0.306168 0.300672 0.460469 4.22494
42.088860 0.411405 0.0805561 0.544484 0.283116 0.478631 0.393491 15.2164 3.04287 1.32948 0.303194 0.156422 0.969113 0.15068 0.110969 0.13976 1.53217 0.340749 0.300068 0.326089 0.461457 4.16788
42.330750 0.414027 0.0757701 0.557194 0.277708 0.469501 0.402211 10.997 3.20292 1.29939 0.30133 0.160974 0.99435 0.103769 0.11339 0.130306 1.49347 0.345497 0.294155 0.352718 0.461301 4.04943
42.572640 0.415774 0.0758824 0.569489 0.272526 0.461505 0.409145 7.35156 3.3628 1.26546 0.299423 0.165369 1.05223 0.0883833 0.116931 0.121405 1.46269 0.349464 0.288775 0.379621 0.460108 3.8879
42.814530 0.416681 0.0809068 0.581063 0.267559 0.454841 0.414293 4.71679 3.51982 1.22831 0.297713 0.169096 1.15535 0.112473 0.121146 0.113592 1.43859 0.352449 0.28401 0.406068 0.45812 3.70442
43.056420 0.417236 0.0893884 0.591812 0.262715 0.449206 0.418001 3.20688 3.67829 1.18975 0.296292 0.172351 1.30438 0.150464 0.125512 0.107144 1.41927 0.354504 0.279815 0.431719 0.455341 3.5131
43.298310 0.417542 0.100212 0.601863 0.257998 0.444397 0.420707 2.62867 3.84977 1.1508 0.295115 0.175295 1.50753 0.189901 0.129862 0.101834 1.40257 0.356032 0.275985 0.457629 0.452037 3.31995
43.540200 0.417915 0.112733 0.611136 0.253374 0.440323 0.422559 2.58381 4.04005 1.11211 0.29424 0.178092 1.77263 0.228579 0.134172 0.0975306 1.38747 0.357076 0.272469 0.483948 0.448214 3.12941
43.782090 0.418703 0.126594 0.619186 0.248894 0.437045 0.423575 2.72139 4.23975 1.0742 0.293747 0.180722 2.10484 0.266361 0.138458 0.0942964 1.37357 0.357431 0.2694 0.509925 0.443899 2.94844
44.023980 0.420129 0.141474 0.625501 0.244626 0.43466 0.423748 2.86915 4.42922 1.03822 0.293634 0.183119 2.50713 0.302985 0.142722 0.092236 1.36018 0.35691 0.266911 0.534385 0.439132 2.78403
44.265870 0.422282 0.157247 0.629876 0.240598 0.433067 0.423249 2.98344 4.59154 1.00509 0.293809 0.185293 2.98236 0.33872 0.147059 0.0913256 1.34648 0.355549 0.264958 0.55683 0.434015 2.63849
44.507760 0.425128 0.173886 0.632403 0.236846 0.432149 0.422238 3.06806 4.7146 0.975357 0.294135 0.18724 3.53483 0.374175 0.151562 0.0915189 1.33173 0.353505 0.263431 0.577197 0.428574 2.5103
44.749650 0.428528 0.191375 0.632985 0.233362 0.431772 0.420842 3.13053 4.78922 0.949235 0.29454 0.189001 4.15858 0.409448 0.15626 0.0927519 1.31548 0.350852 0.262212 0.595343 0.423039 2.39943
44.991540 0.43228 0.209219 0.631702 0.230149 0.431868 0.419235 3.16618 4.80478 0.926914 0.294844 0.19053 4.83114 0.443786 0.161252 0.0949649 1.2977 0.347672 0.261214 0.610688 0.417514 2.30538
45.233430 0.436055 0.226905 0.628849 0.227216 0.432433 0.417428 3.17722 4.76039 0.908925 0.294998 0.191787 5.52871 0.476369 0.166305 0.098036 1.27851 0.344023 0.260522 0.622313 0.411819 2.2286
45.475320 0.439677 0.244202 0.624668 0.224528 0.433373 0.415545 3.1711 4.66806 0.895104 0.294945 0.192775 6.2332 0.507079 0.171427 0.101764 1.25811 0.340018 0.259964 0.630359 0.406149 2.16716
45.717210 0.442886 0.261172 0.61938 0.222073 0.434604 0.413676 3.15684 4.54232 0.885003 0.294678 0.193494 6.94016 0.53633 0.176577 0.105998 1.23657 0.335741 0.259495 0.634957 0.400513 2.11837
45.959100 0.445457 0.277949 0.61305 0.219771 0.436067 0.41183 3.14079 4.39507 0.87817 0.294267 0.193954 7.65382 0.564564 0.181792 0.110639 1.21381 0.331222 0.259013 0.63634 0.394935 2.0805
46.200990 0.447324 0.294857 0.60558 0.217663 0.437726 0.410032 3.12722 4.23259 0.874227 0.293689 0.19409 8.38307 0.592588 0.187121 0.115681 1.18947 0.326376 0.258578 0.63443 0.389271 2.05228
46.442880 0.448453 0.312138 0.596695 0.215645 0.439527 0.408301 3.12013 4.06142 0.872785 0.293016 0.193919 9.13621 0.621014 0.192497 0.121162 1.16332 0.321156 0.258147 0.629226 0.383579 2.03275
46.684770 0.448803 0.32985 0.586368 0.213707 0.441434 0.406664 3.12132 3.88424 0.873499 0.292317 0.193434 9.90669 0.64996 0.197985 0.127112 1.13525 0.315549 0.257681 0.621022 0.377897 2.02098
46.926660 0.448529 0.347323 0.574889 0.21186 0.443415 0.405115 3.1232 3.70447 0.875938 0.291618 0.192615 10.6571 0.678543 0.203399 0.133406 1.10593 0.309626 0.257187 0.61008 0.37233 2.01673
47.168550 0.447723 0.363733 0.56271 0.210119 0.44546 0.403668 3.11789 3.52429 0.879916 0.29094 0.191453 11.3461 0.705274 0.208478 0.139828 1.0764 0.303507 0.256765 0.596518 0.366966 2.02024
47.410440 0.446473 0.377849 0.550527 0.20848 0.447518 0.402306 3.09374 3.34664 0.885285 0.290307 0.189951 11.9318 0.728165 0.212864 0.145998 1.04836 0.297428 0.256606 0.580313 0.361891 2.03209
47.652330 0.444799 0.388582 0.539307 0.207062 0.449634 0.400995 3.04025 3.1755 0.891998 0.289747 0.188122 12.3878 0.745158 0.216184 0.151528 1.02392 0.291658 0.257084 0.56154 0.35726 2.05319
47.894220 0.443095 0.394516 0.529972 0.205856 0.451788 0.399706 2.94773 3.01582 0.899913 0.28929 0.185984 12.697 0.754269 0.218051 0.155865 1.00538 0.28646 0.258532 0.540069 0.353102 2.08504
48.136110 0.441255 0.394911 0.523402 0.204876 0.453967 0.398378 2.81245 2.86863 0.908902 0.288978 0.183647 12.8717 0.754392 0.218193 0.158694 0.994447 0.281963 0.261223 0.516429 0.349507 2.12815
48.378000 0.439513 0.39005 0.519419 0.204108 0.456121 0.39694 2.64224 2.73348 0.91851 0.288862 0.181329 12.93 0.746255 0.216773 0.159935 0.991063 0.278116 0.265196 0.491015 0.346414 2.18188
48.619890 0.437939 0.381043 0.517266 0.20354 0.458243 0.395283 2.45021 2.607 0.928277 0.288992 0.179414 12.8992 0.731969 0.214133 0.159788 0.993723 0.274733 0.270266 0.464948 0.343786 2.24427
48.861780 0.436829 0.369164 0.51587 0.203073 0.460266 0.3933 2.2513 2.48704 0.937745 0.289389 0.178416 12.7951 0.71373 0.210506 0.158503 1.00103 0.271471 0.27621 0.438925 0.341585 2.31352
49.103670 0.435772 0.354924 0.515322 0.202771 0.462249 0.390861 2.05141 2.3707 0.946623 0.290112 0.178902 12.6202 0.692427 0.206313 0.15614 1.01174 0.268533 0.282946 0.413732 0.339971 2.38949
49.345560 0.43508 0.338724 0.514912 0.202564 0.464083 0.38772 1.85577 2.25685 0.95481 0.291136 0.182057 12.3648 0.668757 0.201594 0.152579 1.02548 0.265599 0.290365 0.38937 0.33901 2.47317
49.587450 0.434609 0.32147 0.514213 0.202408 0.465739 0.383518 1.66938 2.14478 0.961874 0.29244 0.189482 12.0367 0.643828 0.196575 0.147711 1.04148 0.262708 0.298419 0.366476 0.339156 2.56569
49.829340 0.434268 0.303864 0.513036 0.202337 0.467184 0.377709 1.4964 2.0345 0.967709 0.294078 0.203627 11.6546 0.618697 0.191412 0.141175 1.05908 0.259858 0.306937 0.345393 0.341056 2.66942
50.071230 0.434073 0.285565 0.511573 0.202309 0.468379 0.369154 1.33403 1.92582 0.972213 0.296072 0.228151 11.1937 0.592636 0.186008 0.132099 1.07901 0.257144 0.315704 0.325957 0.345971 2.78894
50.313120 0.43409 0.265656 0.509872 0.202442 0.469315 0.355556 1.17713 1.81843 0.9751 0.298654 0.268774 10.5903 0.563533 0.180067 0.119347 1.10292 0.25467 0.323978 0.307643 0.356481 2.92836
50.555010 0.434396 0.24369 0.507972 0.202789 0.469965 0.333531 1.02486 1.71214 0.975979 0.302018 0.330209 9.80384 0.530311 0.173434 0.103111 1.13162 0.252404 0.328617 0.290217 0.37612 3.07809
50.796900 0.435061 0.220796 0.505431 0.203312 0.470165 0.303332 0.883199 1.60809 0.974576 0.306298 0.403257 8.87877 0.494456 0.166392 0.0902487 1.16423 0.25029 0.323592 0.274004 0.404246 3.19842
51.038790 0.435984 0.198598 0.501747 0.203959 0.469839 0.275117 0.758404 1.50795 0.970989 0.311476 0.463243 7.91114 0.458575 0.159316 0.0906579 1.19896 0.248262 0.307934 0.259322 0.430804 3.26715
51.280680 0.437157 0.177933 0.496832 0.204696 0.468933 0.257801 0.652066 1.41333 0.965537 0.317457 0.499459 6.97604 0.424301 0.152414 0.100437 1.2348 0.246362 0.288573 0.246232 0.448582 3.32167
51.522570 0.438261 0.159406 0.490957 0.20549 0.467372 0.250557 0.563604 1.32536 0.958433 0.324089 0.518153 6.12045 0.392751 0.145822 0.111372 1.27119 0.24464 0.270634 0.234869 0.458767 3.39116
51.764460 0.439342 0.143035 0.484313 0.206313 0.465204 0.249633 0.490752 1.24455 0.950024 0.331094 0.526883 5.36873 0.364261 0.139553 0.120553 1.30806 0.243145 0.255043 0.225146 0.464332 3.47639
52.006350 0.44026 0.128834 0.477009 0.207165 0.462369 0.252419 0.43087 1.16982 0.94064 0.33824 0.530101 4.72621 0.339047 0.133672 0.127738 1.3456 0.241952 0.241041 0.217115 0.467093 3.56665
52.248240 0.440892 0.116655 0.469282 0.208032 0.459019 0.25752 0.381644 1.1009 0.930606 0.345142 0.53003 4.19159 0.317134 0.128062 0.13316 1.38434 0.241045 0.22794 0.210545 0.468121 3.65236
52.490130 0.441266 0.106131 0.461332 0.208911 0.455275 0.26395 0.341026 1.0378 0.92016 0.351485 0.527983 3.74387 0.297878 0.12262 0.137099 1.42443 0.240502 0.215167 0.205333 0.46789 3.72469
52.732020 0.441386 0.0969754 0.453262 0.209794 0.451279 0.271164 0.306994 0.980102 0.909326 0.35698 0.524668 3.36406 0.280716 0.117508 0.139882 1.46624 0.240288 0.202358 0.201347 0.466771 3.7827
52.973910 0.441325 0.0888877 0.445106 0.21063 0.44715 0.278687 0.278051 0.927342 0.898115 0.361393 0.520456 3.03819 0.265194 0.112623 0.141669 1.50993 0.240354 0.189427 0.198356 0.464988 3.82866
53.215800 0.441166 0.0817273 0.437059 0.211469 0.443098 0.285948 0.253486 0.880096 0.886618 0.364561 0.515518 2.75391 0.250817 0.108043 0.142551 1.55504 0.240705 0.176732 0.19617 0.462877 3.86271
53.457690 0.441091 0.0752821 0.429294 0.212325 0.439303 0.292507 0.232495 0.838345 0.874962 0.366396 0.509981 2.49906 0.237252 0.103614 0.142614 1.60108 0.241333 0.164806 0.19459 0.460768 3.88922
53.699580 0.441108 0.0694264 0.421673 0.21322 0.435686 0.298185 0.214104 0.8009 0.863033 0.367041 0.503909 2.26378 0.224073 0.0993225 0.142059 1.64851 0.242227 0.154089 0.193465 0.458758 3.91432
53.941470 0.441126 0.0640306 0.414111 0.214204 0.432249 0.302874 0.197782 0.766908 0.850693 0.366624 0.497269 2.04448 0.21096 0.0953099 0.141053 1.69806 0.243412 0.145191 0.192785 0.457107 3.94775
54.183360 0.441325 0.05898 0.406608 0.215298 0.428997 0.306442 0.183068 0.736353 0.837822 0.36542 0.490165 1.83504 0.197719 0.0915196 0.139725 1.74957 0.244902 0.138626 0.192556 0.45609 3.99066
54.425250 0.441722 0.0543033 0.399179 0.216489 0.425842 0.309 0.16978 0.70912 0.824352 0.363647 0.482731 1.63573 0.184508 0.0879882 0.138127 1.80288 0.246723 0.134331 0.192932 0.455757 4.0446
54.667140 0.442317 0.0500989 0.391844 0.217786 0.422741 0.310734 0.157968 0.685158 0.810394 0.361372 0.475025 1.45145 0.171698 0.0847552 0.136303 1.85704 0.248852 0.131836 0.19397 0.456173 4.10804
54.909030 0.443173 0.0464014 0.384743 0.219205 0.419713 0.311901 0.147701 0.664854 0.796191 0.358753 0.467119 1.28541 0.159474 0.0818764 0.134196 1.91007 0.251262 0.130554 0.195667 0.457376 4.17179
55.150920 0.444369 0.0432172 0.377902 0.220762 0.416673 0.312901 0.138846 0.648214 0.781838 0.35614 0.458914 1.13708 0.147919 0.0794065 0.131714 1.96078 0.253954 0.129896 0.198157 0.459222 4.22566
55.392810 0.445795 0.040497 0.371178 0.222442 0.413466 0.314113 0.131046 0.63429 0.767203 0.353723 0.450252 1.0059 0.137109 0.077351 0.128851 2.01019 0.256938 0.129423 0.201582 0.461504 4.26821
55.634700 0.447276 0.0381582 0.364523 0.224225 0.40998 0.315832 0.124124 0.622366 0.752176 0.351609 0.441046 0.890226 0.12722 0.0757906 0.125589 2.05886 0.260198 0.128879 0.205988 0.463935 4.29659
55.876590 0.448698 0.0362181 0.357934 0.226026 0.4063 0.318138 0.117881 0.612379 0.736951 0.349837 0.431388 0.790739 0.118288 0.0745541 0.121863 2.10649 0.263642 0.128113 0.211201 0.466421 4.30318
56.118480 0.449946 0.0346728 0.351475 0.227929 0.402512 0.320988 0.112392 0.603968 0.721689 0.34826 0.421391 0.706737 0.110409 0.0736548 0.11778 2.15264 0.267232 0.127196 0.216954 0.46883 4.28928
56.360370 0.451002 0.0334376 0.345146 0.229859 0.398662 0.324345 0.107508 0.597057 0.706493 0.346803 0.411167 0.636194 0.10355 0.0729863 0.113353 2.19695 0.270853 0.126121 0.223085 0.471099 4.25419
56.602260 0.45194 0.0324875 0.338953 0.231832 0.394777 0.328238 0.10315 0.591841 0.691365 0.345524 0.400769 0.576191 0.0976768 0.0725535 0.108595 2.2383 0.274526 0.12491 0.229544 0.473249 4.19732
56.844150 0.452803 0.0317131 0.332887 0.233868 0.390885 0.332677 0.0993023 0.588178 0.676235 0.344411 0.390252 0.525192 0.0922121 0.0722822 0.103509 2.27649 0.278147 0.123531 0.236257 0.475281 4.12317
57.086040 0.453532 0.031174 0.32676 0.235944 0.386897 0.337409 0.0957092 0.585537 0.661049 0.343414 0.379799 0.481329 0.0875 0.0721727 0.0982755 2.31272 0.28176 0.122098 0.243062 0.477156 4.0451
57.327930 0.454025 0.030782 0.32067 0.238059 0.383004 0.342434 0.0923247 0.583811 0.645865 0.342387 0.369525 0.443768 0.0833478 0.0721959 0.0931123 2.3474 0.285324 0.120658 0.249781 0.478888 3.9695
57.569820 0.454312 0.0305256 0.3146 0.240202 0.37927 0.347652 0.0890426 0.583037 0.630774 0.341384 0.3596 0.41163 0.0797072 0.0723783 0.0881398 2.38009 0.288799 0.119223 0.256327 0.480491 3.8987
57.811710 0.454434 0.0303393 0.308515 0.242389 0.375597 0.352918 0.0859834 0.583211 0.615828 0.340548 0.350176 0.383913 0.076485 0.0726887 0.0834284 2.41044 0.292119 0.117873 0.262615 0.481806 3.83796
58.053600 0.454405 0.0303161 0.302358 0.244664 0.371859 0.358335 0.0830201 0.584303 0.600933 0.33999 0.341208 0.359628 0.073613 0.0731934 0.0791174 2.43873 0.295345 0.116604 0.268858 0.482768 3.78931
58.295490 0.454279 0.0304301 0.296099 0.247038 0.367936 0.363997 0.0801129 0.586316 0.586027 0.339888 0.332697 0.338244 0.0711143 0.0739693 0.0752679 2.46439 0.298523 0.115443 0.275214 0.483264 3.7528
58.537380 0.454063 0.0307015 0.289703 0.249538 0.363707 0.369949 0.0772506 0.589097 0.571116 0.340375 0.324626 0.319365 0.0689431 0.074967 0.0719646 2.48774 0.301694 0.114439 0.281867 0.483117 3.73028
58.779270 0.453848 0.0311932 0.283146 0.252144 0.358997 0.376234 0.0743269 0.592491 0.556156 0.341517 0.316943 0.302671 0.0672554 0.0763106 0.0691341 2.50975 0.304817 0.113586 0.288996 0.482054 3.7222
59.021160 0.453313 0.0316844 0.276593 0.254991 0.353559 0.382859 0.0718402 0.596522 0.541286 0.343417 0.309704 0.289072 0.0655411 0.0778484 0.0668551 2.52977 0.307938 0.112933 0.296559 0.480079 3.72402
59.263050 0.452847 0.0321467 0.269804 0.257929 0.347357 0.390045 0.0693053 0.60121 0.526412 0.34624 0.302654 0.276573 0.0641898 0.0795751 0.0650244 2.54667 0.311065 0.112418 0.304924 0.476874 3.73303
59.504940 0.452177 0.0327896 0.262891 0.261052 0.340079 0.397805 0.0668754 0.606512 0.511481 0.350021 0.295741 0.265497 0.0630872 0.0814948 0.0635205 2.56129 0.314118 0.112042 0.314055 0.472125 3.74739
59.746830 0.451295 0.033527 0.255812 0.264365 0.331522 0.406224 0.0646005 0.612336 0.496477 0.354863 0.288787 0.255759 0.0623935 0.0835347 0.0622563 2.57377 0.317084 0.111778 0.324025 0.465551 3.76371
59.988720 0.450097 0.0339317 0.248687 0.267741 0.321405 0.415066 0.0624484 0.618498 0.481427 0.360939 0.28154 0.247195 0.0619171 0.0856395 0.0614026 2.58422 0.319909 0.111983 0.334733 0.456915 3.77893
60.230610 0.448584 0.0347284 0.241502 0.271416 0.309948 0.424715 0.0605826 0.625118 0.466703 0.367909 0.274163 0.239674 0.0615986 0.087786 0.0603313 2.59377 0.32267 0.111912 0.346077 0.446278 3.78389
60.472500 0.446843 0.0356032 0.234272 0.275237 0.296994 0.43503 0.058694 0.631937 0.45232 0.375923 0.266456 0.233007 0.0618684 0.0900601 0.0592388 2.60272 0.325263 0.112073 0.35768 0.433614 3.77345
60.714390 0.444569 0.036374 0.227237 0.279251 0.282349 0.445734 0.0574219 0.639264 0.438332 0.384864 0.258258 0.227821 0.0619425 0.0920744 0.0582307 2.61155 0.327577 0.112418 0.369473 0.41865 3.74749
60.956280 0.441848 0.0373125 0.22029 0.283476 0.265771 0.456772 0.0564793 0.647048 0.42468 0.394715 0.249431 0.223082 0.0621708 0.094006 0.0571478 2.62066 0.329513 0.113024 0.381098 0.401403 3.69895
61.198170 0.438572 0.0382343 0.213461 0.287849 0.247243 0.468033 0.0557811 0.655254 0.411291 0.40539 0.23992 0.219039 0.0625888 0.0957793 0.0559341 2.63188 0.331006 0.114131 0.392121 0.381901 3.627
61.440060 0.434709 0.0391897 0.206754 0.292427 0.226729 0.47935 0.0553699 0.663922 0.398132 0.416718 0.229697 0.215592 0.0630939 0.0973565 0.0546162 2.64632 0.331931 0.115907 0.402247 0.360317 3.53474
61.681950 0.430295 0.0400995 0.200235 0.297145 0.204545 0.490397 0.0554042 0.673032 0.385382 0.428511 0.218999 0.212421 0.0638172 0.0986585 0.053213 2.66567 0.332217 0.11853 0.410786 0.337243 3.43482
61.923840 0.425347 0.0409959 0.194016 0.301964 0.181354 0.500847 0.0555921 0.682616 0.373269 0.440432 0.208377 0.2098 0.0646785 0.0996907 0.0516541 2.69278 0.331804 0.122093 0.416999 0.313656 3.35251
62.165730 0.41996 0.0419013 0.188213 0.306864 0.157992 0.510367 0.0560573 0.692734 0.361884 0.452168 0.198365 0.207518 0.0656285 0.100485 0.0500137 2.72925 0.330553 0.126721 0.42052 0.290543 3.32002
62.407620 0.414181 0.0428008 0.182802 0.311864 0.135674 0.518668 0.0568895 0.703448 0.351158 0.463459 0.189611 0.205749 0.06672 0.101007 0.048294 2.77802 0.328367 0.132405 0.421008 0.268877 3.37175
62.649510 0.408082 0.0436879 0.177737 0.316981 0.116426 0.525495 0.0579646 0.714962 0.34099 0.474047 0.18296 0.204292 0.0679142 0.101236 0.0464999 2.84095 0.325383 0.139086 0.418307 0.249802 3.53846
62.891400 0.40174 0.044484 0.173017 0.322312 0.10386 0.530658 0.0591833 0.727436 0.331237 0.483653 0.179578 0.202656 0.0694542 0.101284 0.0445924 2.92104 0.321727 0.146805 0.412328 0.234549 3.83138
63.133290 0.395233 0.0453156 0.168464 0.32773 0.102422 0.533434 0.0608662 0.740551 0.321696 0.491886 0.180493 0.201276 0.0711626 0.10104 0.0426313 3.02048 0.31709 0.155006 0.402912 0.22396 4.23853
63.375180 0.388688 0.0460134 0.164151 0.333369 0.114186 0.533973 0.0626529 0.754576 0.312534 0.498462 0.18676 0.199737 0.0731551 0.100626 0.0406594 3.14573 0.311917 0.16379 0.39029 0.219108 4.72032
63.617070 0.382212 0.0466559 0.160138 0.339087 0.13655 0.531875 0.0647702 0.769258 0.304034 0.502992 0.198371 0.198205 0.0754683 0.100234 0.0388824 3.30698 0.30622 0.172595 0.374605 0.219708 5.23064
63.858960 0.375842 0.047212 0.156509 0.34488 0.165438 0.526914 0.0670042 0.784633 0.296624 0.505159 0.21498 0.196719 0.0780565 0.0994094 0.0373584 3.52196 0.300199 0.181065 0.35599 0.225243 5.72424
64.100850 0.369646 0.0476911 0.153378 0.350679 0.198028 0.518982 0.0694176 0.80038 0.29084 0.504793 0.235888 0.19504 0.0811832 0.098394 0.0361036 3.82059 0.294043 0.188678 0.334825 0.234308 6.16137
64.342740 0.363651 0.0480181 0.151073 0.356319 0.232632 0.507897 0.0719293 0.816144 0.287839 0.501742 0.260132 0.19361 0.0845577 0.0972063 0.0352846 4.25658 0.288089 0.194975 0.31126 0.245883 6.50225
64.584630 0.357913 0.0481858 0.150406 0.361461 0.268018 0.493733 0.0744451 0.830946 0.290233 0.496022 0.286726 0.192155 0.088566 0.095936 0.0348617 4.92952 0.282857 0.199082 0.285349 0.259341 6.70844
64.826520 0.352443 0.0483479 0.153125 0.365383 0.302962 0.476631 0.0770311 0.84295 0.30294 0.487733 0.31464 0.190877 0.0930288 0.0944339 0.0352217 6.01162 0.278989 0.199781 0.257151 0.274094 6.75777
