#t C1F2 C1F3 C1F4 C1C5 C5H6 C5C7 C7H8 C7F9
.241890	1.2909516306	1.3155946615	1.3897213065	1.4914182406	.8293353130	1.3121947901	1.0901016568	1.3173927472
.483780	1.2902858151	1.3176774206	1.3891853138	1.4900860695	.8624459526	1.3090335250	1.0990060778	1.3180615246
.725670	1.2897931971	1.3196662902	1.3884768444	1.4885069591	.9050223849	1.3059665903	1.1080796133	1.3185526557
.967560	1.2894853065	1.3215631034	1.3876292917	1.4866656256	.9541373505	1.3032545425	1.1171247404	1.3188113881
1.209450	1.2893569344	1.3233548145	1.3866215629	1.4846153140	1.0072415794	1.3010462750	1.1259081822	1.3188749779
1.451340	1.2894127815	1.3250190939	1.3854615194	1.4823818590	1.0622676520	1.2994975898	1.1342204992	1.3187007096
1.693230	1.2896368909	1.3265757081	1.3841424251	1.4799851935	1.1176152208	1.2986977786	1.1419555197	1.3183116241
1.935120	1.2900473243	1.3280166657	1.3826744789	1.4774390211	1.1721486924	1.2987315410	1.1490345806	1.3176811292
2.177010	1.2906181592	1.3293457722	1.3810624785	1.4747522190	1.2250088191	1.2996490448	1.1554468440	1.3168103385
2.418900	1.2913667793	1.3305683001	1.3793148632	1.4719363765	1.2756366459	1.3014727235	1.1611990580	1.3156706830
2.660790	1.2922690877	1.3316815495	1.3774366795	1.4690069246	1.3236302268	1.3042094682	1.1662917025	1.3142730849
2.902680	1.2933080677	1.3327153428	1.3754231082	1.4659815777	1.3687428670	1.3078376097	1.1706498533	1.3126487210
3.144570	1.2944821757	1.3336625091	1.3733036979	1.4628794997	1.4108852389	1.3123440133	1.1741224426	1.3107953308
3.386460	1.2957826689	1.3345369063	1.3710621430	1.4597292839	1.4500714489	1.3176798122	1.1765189749	1.3087603988
3.628350	1.2971829894	1.3353619056	1.3687175609	1.4565529735	1.4863538464	1.3238104054	1.1776536520	1.3065711255
3.870240	1.2986674549	1.3361482241	1.3662664273	1.4533761511	1.5198244903	1.3306865430	1.1774077851	1.3042435744
4.112130	1.3002405430	1.3368930048	1.3637199061	1.4502248895	1.5505497154	1.3382447072	1.1757205790	1.3018283851
4.354020	1.3018742110	1.3375999981	1.3610731363	1.4471217928	1.5785688559	1.3464271600	1.1725704020	1.2993345008
4.595910	1.3035757218	1.3382792075	1.3583479080	1.4440881983	1.6038942450	1.3551721727	1.1679955280	1.2967755628
4.837800	1.3053508398	1.3389153682	1.3555420658	1.4411411111	1.6265120519	1.3644201377	1.1621081392	1.2941691593
5.079690	1.3071809432	1.3395079450	1.3526721753	1.4382990967	1.6463610847	1.3741072799	1.1551252729	1.2915112204
5.321580	1.3090701557	1.3400451047	1.3497426829	1.4355858750	1.6633973694	1.3841894853	1.1472440625	1.2888095936
5.563470	1.3110238006	1.3405078376	1.3467538146	1.4330328889	1.6775795157	1.3946284502	1.1386303614	1.2860610511
5.805360	1.3130171147	1.3409010884	1.3437115776	1.4306727097	1.6888848215	1.4053793770	1.1294812699	1.2832819687
6.047250	1.3150541112	1.3412219808	1.3406204855	1.4285378080	1.6973432829	1.4163778494	1.1200523144	1.2805001944
6.289140	1.3171216400	1.3414520016	1.3374909694	1.4266485543	1.7030963362	1.4275813266	1.1106011491	1.2777339149
6.531030	1.3192236776	1.3416134881	1.3343324729	1.4249946770	1.7066238810	1.4389485563	1.1012501988	1.2749964868
6.772920	1.3213393750	1.3417505485	1.3311636610	1.4234948181	1.7093406736	1.4504139481	1.0920296077	1.2723816366
7.014810	1.3234724257	1.3418985844	1.3280122771	1.4220853404	1.7123492861	1.4619355896	1.0829832258	1.2699086129
7.256700	1.3255937474	1.3420561977	1.3248905119	1.4207493387	1.7160236643	1.4734664025	1.0742214379	1.2676149278
7.498590	1.3277174710	1.3422277370	1.3218277703	1.4194847020	1.7205203231	1.4849502129	1.0659214760	1.2655218575
7.740480	1.3298313103	1.3424268955	1.3188206796	1.4182902707	1.7259147900	1.4963367595	1.0582512094	1.2636492674
7.982370	1.3319272744	1.3426463139	1.3158847939	1.4171642622	1.7323065071	1.5075920170	1.0513951952	1.2619809775
8.224260	1.3340022548	1.3428977403	1.3130228697	1.4161079945	1.7397024684	1.5186716362	1.0455225842	1.2605539768
8.466150	1.3360494113	1.3431725743	1.3102533086	1.4151233232	1.7481180369	1.5295405280	1.0408109856	1.2593499528
8.708040	1.3380669438	1.3434718676	1.3075798129	1.4142146457	1.7576089678	1.5401441006	1.0373858600	1.2584030398
8.949930	1.3400479000	1.3438056991	1.3050155210	1.4133855239	1.7682187253	1.5504503504	1.0353473110	1.2576955298
9.191820	1.3419768011	1.3441529607	1.3025613265	1.4126859657	1.7794160007	1.5604296412	1.0348017011	1.2572145465
9.433710	1.3438604948	1.3445408260	1.3002339323	1.4120411722	1.7922177449	1.5700452991	1.0356658100	1.2570096373
9.675600	1.3456841859	1.3449614741	1.2980433317	1.4114889011	1.8061352294	1.5792759311	1.0379434231	1.2570649729
9.917490	1.3474377386	1.3454036991	1.2959868334	1.4110458520	1.8209382221	1.5881004065	1.0415597836	1.2573788955
10.159380	1.3491199915	1.3458654341	1.2940858112	1.4107200287	1.8366288222	1.5964898949	1.0463960402	1.2579649343
10.401270	1.3507220169	1.3463549937	1.2923185011	1.4105029695	1.8537153618	1.6044340817	1.0522920709	1.2588151166
10.643160	1.3522318525	1.3468630217	1.2907128321	1.4104068874	1.8717426860	1.6119022196	1.0590670337	1.2599567361
10.885050	1.3536525301	1.3473897972	1.2892779132	1.4104368369	1.8905893223	1.6189090052	1.0665281251	1.2613589309
11.126940	1.3549735785	1.3479453581	1.2880035369	1.4105990382	1.9101669687	1.6254453471	1.0744649968	1.2630289211
11.368830	1.3561865285	1.3485192808	1.2869109763	1.4108937558	1.9304475610	1.6314956235	1.0826667860	1.2649810457
11.610720	1.3572938798	1.3491201400	1.2859901609	1.4113234902	1.9513857218	1.6370696548	1.0909153586	1.2671966234
11.852610	1.3582906369	1.3497358070	1.2852449388	1.4118903508	1.9729625539	1.6421700850	1.0990213213	1.2696832569
12.094500	1.3591742089	1.3503638356	1.2846918244	1.4125942360	1.9950956724	1.6467886873	1.1067937148	1.2724386442
12.336390	1.3599335454	1.3510010416	1.2843249192	1.4134386020	2.0176755526	1.6509398693	1.1140758649	1.2754402744
12.578280	1.3605586682	1.3516534355	1.2841571225	1.4144230465	2.0406181461	1.6546185800	1.1207066721	1.2787125510
12.820170	1.3610652159	1.3522989076	1.2841828154	1.4155474577	2.0638732014	1.6578541594	1.1265530540	1.2822185711
13.062060	1.3614449298	1.3529575263	1.2844094338	1.4168117738	2.0873860561	1.6606369337	1.1315128583	1.2859429953
13.303950	1.3616930692	1.3536121350	1.2848285625	1.4182082437	2.1111350577	1.6629679912	1.1355003585	1.2898987926
13.545840	1.3618122344	1.3542776204	1.2854361459	1.4197339616	2.1351233435	1.6648468245	1.1384367683	1.2940427986
13.787730	1.3618190663	1.3549601731	1.2862379384	1.4213805980	2.1593440264	1.6662679269	1.1402835513	1.2983758763
14.029620	1.3617120347	1.3556551529	1.2872248295	1.4231438339	2.1838098998	1.6672247591	1.1410127820	1.3028728147
14.271510	1.3614905960	1.3563764266	1.2883877535	1.4250240879	2.2085006121	1.6677272039	1.1406107618	1.3075174406
14.513400	1.3611534256	1.3571053799	1.2897104582	1.4270211630	2.2333928506	1.6677747102	1.1390784193	1.3122866316
14.755290	1.3607084025	1.3578609757	1.2912127712	1.4291365424	2.2584513461	1.6673798010	1.1364384040	1.3171669030
14.997180	1.3601637683	1.3586222398	1.2928570268	1.4313716002	2.2836205219	1.6665420003	1.1327344149	1.3221508936
15.239070	1.3595095787	1.3593999398	1.2946613800	1.4337187618	2.3088898800	1.6652861898	1.1280276635	1.3271947601
15.480960	1.3587737038	1.3601978397	1.2966155535	1.4361661937	2.3342198298	1.6636006612	1.1224300835	1.3322951461
15.722850	1.3579412625	1.3610113895	1.2987104274	1.4387017678	2.3595886873	1.6614993806	1.1160598345	1.3374032076
15.964740	1.3570270207	1.3618461269	1.3009315150	1.4413164820	2.3850047527	1.6589644837	1.1090487027	1.3425087817
16.206630	1.3560410473	1.3627055669	1.3032744350	1.4440078433	2.4104742062	1.6560136034	1.1015305414	1.3475767332
16.448520	1.3549817597	1.3635800917	1.3057372811	1.4467798616	2.4360032592	1.6526333696	1.0936385052	1.3526196540
16.690410	1.3538425673	1.3644785278	1.3082845224	1.4496364422	2.4616250224	1.6488407219	1.0855592142	1.3575877685
16.932300	1.3526392777	1.3653990247	1.3109289860	1.4525694764	2.4873587598	1.6446338148	1.0774593254	1.3624798748
17.174190	1.3513545939	1.3663294108	1.3136665857	1.4555701315	2.5131982459	1.6400246555	1.0695762640	1.3672472123
17.416080	1.3499923312	1.3672757931	1.3165139502	1.4586208022	2.5391664318	1.6350150433	1.0621224140	1.3718869842
17.657970	1.3485467932	1.3682319744	1.3194756862	1.4617114580	2.5652635939	1.6296238821	1.0553208929	1.3763621240
17.899860	1.3470363355	1.3691999355	1.3225313042	1.4648437958	2.5914866280	1.6238683466	1.0493631491	1.3806523696
18.141750	1.3454594547	1.3701530202	1.3256954612	1.4680169905	2.6178200049	1.6177720715	1.0444069061	1.3847390557
18.383640	1.3438142886	1.3711089516	1.3289417624	1.4712323938	2.6442760652	1.6113382907	1.0406257439	1.3886277515
18.625530	1.3421178010	1.3720602214	1.3322586565	1.4744775770	2.6708366819	1.6045834855	1.0381316780	1.3922788541
18.867420	1.3403600204	1.3730016514	1.3356581073	1.4777400542	2.6974942178	1.5974998165	1.0370344770	1.3957060848
19.109310	1.3385688584	1.3739553737	1.3391155945	1.4810050687	2.7242533461	1.5901078426	1.0373887281	1.3988824453
19.351200	1.3367369313	1.3749000048	1.3426407033	1.4842710298	2.7510937092	1.5824257153	1.0391952694	1.4018043928
19.593090	1.3348835727	1.3758423731	1.3462034870	1.4875382609	2.7780282660	1.5744761776	1.0423957570	1.4044722973
19.834980	1.3330065089	1.3767709419	1.3497892695	1.4908036683	2.8050411067	1.5662764843	1.0468925413	1.4068962846
20.076870	1.3311406785	1.3776787452	1.3533728556	1.4940536703	2.8321386899	1.5578601149	1.0525747860	1.4090753136
20.318760	1.3292807958	1.3785815112	1.3569692458	1.4972657328	2.8593190415	1.5492468198	1.0592897352	1.4109999097
20.560650	1.3274571579	1.3794837954	1.3605416915	1.5004240914	2.8865861208	1.5404756890	1.0668745179	1.4126732975
20.802540	1.3256785600	1.3803648531	1.3640864292	1.5035209002	2.9139493994	1.5315755891	1.0751084310	1.4141012224
21.044430	1.3239425603	1.3812393263	1.3675735355	1.5065577679	2.9414000828	1.5225972937	1.0837703751	1.4152849371
21.286320	1.3222663494	1.3820899221	1.3710066591	1.5095306155	2.9689376817	1.5135780905	1.0926382615	1.4162506691
21.528210	1.3206607379	1.3829109734	1.3743885410	1.5124259760	2.9965534383	1.5045684998	1.1014923681	1.4169870596
21.770100	1.3191214332	1.3836991924	1.3776937159	1.5152229341	3.0242414668	1.4956072300	1.1101524694	1.4175028674
22.011990	1.3176692260	1.3844622335	1.3809472216	1.5178974300	3.0520081516	1.4867413835	1.1184273814	1.4177844180
22.253880	1.3163005078	1.3851853872	1.3841474572	1.5204378494	3.0798381217	1.4780150271	1.1261568207	1.4178160023
22.495770	1.3150199858	1.3858617212	1.3872643292	1.5228402977	3.1077330322	1.4694591294	1.1331553583	1.4176287826
22.737660	1.3138321348	1.3864828614	1.3903068722	1.5251024884	3.1356811533	1.4611231423	1.1392818266	1.4172198498
22.979550	1.3127387680	1.3870415061	1.3932705198	1.5272169293	3.1636693956	1.4530555976	1.1443776143	1.4165749929
23.221440	1.3117366390	1.3875423580	1.3961460931	1.5291649481	3.1916821512	1.4452970020	1.1483603733	1.4157013647
23.463330	1.3108384810	1.3879706635	1.3989513497	1.5309210425	3.2197266732	1.4378877825	1.1511475874	1.4145975052
23.705220	1.3100554203	1.3883406230	1.4017037415	1.5324661798	3.2477714615	1.4308655364	1.1526688840	1.4132423490
23.947110	1.3093804271	1.3886245586	1.4043710824	1.5337918296	3.2758115979	1.4242847408	1.1528951546	1.4116360170
24.189000	1.3088156966	1.3888346743	1.4069643217	1.5348938107	3.3038286576	1.4181721068	1.1517712761	1.4097947914
24.430890	1.3083771778	1.3889448651	1.4094771816	1.5357705890	3.3318316922	1.4125609013	1.1492888538	1.4077020183
24.672780	1.3080467021	1.3889721916	1.4118924370	1.5364081805	3.3598038108	1.4074872978	1.1454520901	1.4053603163
24.914670	1.3078463662	1.3889054358	1.4142208499	1.5367885250	3.3877413885	1.4029647557	1.1403067798	1.4027616067
25.156560	1.3077586176	1.3887426372	1.4164683509	1.5368961987	3.4156372936	1.3990065844	1.1339166030	1.3999057466
25.398450	1.3078080916	1.3884989838	1.4186456865	1.5367170525	3.4435004937	1.3956404075	1.1263822938	1.3967937938
25.640340	1.3079764270	1.3881474191	1.4207322998	1.5362514898	3.4712914284	1.3928907756	1.1178042203	1.3934289002
25.882230	1.3082743134	1.3876913800	1.4227322435	1.5355020865	3.4990212361	1.3907745141	1.1083003638	1.3897976492
26.124120	1.3087008050	1.3871176925	1.4246160813	1.5344710287	3.5266853637	1.3892884981	1.0980516318	1.3859353859
26.366010	1.3092544286	1.3864459708	1.4263982433	1.5331551150	3.5542823633	1.3884386788	1.0872223257	1.3818124613
26.607900	1.3099275067	1.3856672093	1.4280756119	1.5315445783	3.5818029375	1.3881943731	1.0760724202	1.3774644548
26.849790	1.3107274784	1.3847909634	1.4296705287	1.5296359894	3.6092568364	1.3885545453	1.0648256811	1.3728767030
27.091680	1.3116479514	1.3838144440	1.4311728347	1.5274304287	3.6366282563	1.3895101509	1.0537563712	1.3680442869
27.333570	1.3126942665	1.3827221521	1.4325645355	1.5249401441	3.6639316991	1.3910416801	1.0431509991	1.3630002141
27.575460	1.3138437906	1.3815291800	1.4338442180	1.5221823701	3.6911311953	1.3931277813	1.0332805327	1.3577597196
27.817350	1.3151148745	1.3802139882	1.4349979035	1.5191670837	3.7182543900	1.3957579060	1.0244334721	1.3523275055
28.059240	1.3164879520	1.3787978418	1.4360260841	1.5159041913	3.7452870535	1.3988949301	1.0168914925	1.3467130309
28.301130	1.3179599596	1.3772831407	1.4369445699	1.5124022231	3.7722286969	1.4024923911	1.0109030220	1.3409343107
28.543020	1.3195331097	1.3756711803	1.4377624787	1.5086656167	3.7991030994	1.4065167122	1.0067026097	1.3350115861
28.784910	1.3211843908	1.3739704845	1.4384627275	1.5047112292	3.8258984744	1.4109410676	1.0044432229	1.3289615294
29.026800	1.3229289971	1.3721678504	1.4390489167	1.5005623334	3.8525983810	1.4157518056	1.0042169932	1.3228048391
29.268690	1.3247551911	1.3702603218	1.4395018563	1.4962461191	3.8792102581	1.4209357202	1.0060363563	1.3165682843
29.510580	1.3266514200	1.3682671665	1.4398206738	1.4917832669	3.9057317923	1.4264502367	1.0098639094	1.3103008161
29.752470	1.3285941933	1.3661801841	1.4400038773	1.4871957816	3.9321672633	1.4322818736	1.0155995867	1.3040008818
29.994360	1.3305982711	1.3640028381	1.4400629010	1.4824979859	3.9585143443	1.4383923629	1.0230930880	1.2977172164
30.236250	1.3326555511	1.3617582781	1.4400054180	1.4777080842	3.9847842267	1.4447629016	1.0321175024	1.2914682892
30.478140	1.3347415331	1.3594473790	1.4398274059	1.4728481071	4.0109560858	1.4513731466	1.0424280013	1.2852937239
30.720030	1.3368611281	1.3570586099	1.4395166887	1.4679497329	4.0370342491	1.4581971388	1.0537561762	1.2792295261
30.961920	1.3390028646	1.3546104301	1.4390616025	1.4630446637	4.0630280841	1.4652317652	1.0657885237	1.2733216813
31.203810	1.3411428395	1.3520822916	1.4384507141	1.4581627520	4.0889208875	1.4724452051	1.0782479081	1.2676188101
31.445700	1.3432923213	1.3494967509	1.4376959527	1.4533280331	4.1146991865	1.4798061908	1.0908731670	1.2621335455
31.687590	1.3454349254	1.3468683990	1.4368167543	1.4485625337	4.1403724839	1.4872796245	1.1034044379	1.2569185378
31.929480	1.3475543445	1.3442021427	1.4357974569	1.4438889582	4.1659374398	1.4948338122	1.1155845552	1.2520009527
32.171370	1.3496433514	1.3414906489	1.4346450855	1.4393365007	4.1913941904	1.5024288133	1.1272031697	1.2474122846
32.413260	1.3517009601	1.3387644344	1.4333480291	1.4349350558	4.2167314781	1.5100393683	1.1380668557	1.2432085811
32.655150	1.3537066582	1.3359927805	1.4318997539	1.4307149860	4.2419504067	1.5176493344	1.1479956124	1.2394047235
32.897040	1.3556588465	1.3332061934	1.4302849351	1.4267044259	4.2670454631	1.5252171346	1.1568586057	1.2360520353
33.138930	1.3575477260	1.3303983007	1.4285117421	1.4229240687	4.2920060108	1.5327166746	1.1645414873	1.2331620736
33.380820	1.3593572225	1.3275953384	1.4265952382	1.4193948257	4.3168376909	1.5401057626	1.1709396213	1.2307454220
33.622710	1.3610828632	1.3247940183	1.4245541382	1.4161392274	4.3415311577	1.5473377228	1.1759670595	1.2288392248
33.864600	1.3627168035	1.3220190593	1.4223574306	1.4131822319	4.3661038553	1.5543925976	1.1795546223	1.2274543789
34.106490	1.3642456593	1.3192522367	1.4200075220	1.4105495800	4.3905377723	1.5612339135	1.1816805384	1.2266150186
34.348380	1.3656660790	1.3165134838	1.4174933679	1.4082598645	4.4148340143	1.5678429646	1.1823181169	1.2263464838
34.590270	1.3669857773	1.3138041027	1.4148284105	1.4063276681	4.4389807249	1.5742184967	1.1814841830	1.2266201286
34.832160	1.3681801844	1.3111297223	1.4120118501	1.4047622285	4.4629915571	1.5803345144	1.1791916563	1.2274373347
35.074050	1.3692524224	1.3085088092	1.4090653451	1.4035737773	4.4868514931	1.5861419575	1.1754873672	1.2288142261
35.315940	1.3701853922	1.3059612051	1.4059796618	1.4027752255	4.5105743242	1.5916389059	1.1703939804	1.2307355130
35.557830	1.3709810183	1.3034739430	1.4027604578	1.4023804739	4.5341668535	1.5967921337	1.1639868715	1.2331873912
35.799720	1.3716379568	1.3010791131	1.3993990883	1.4023969932	4.5576224893	1.6016041564	1.1563655107	1.2361713707
36.041610	1.3721531023	1.2987572297	1.3959017011	1.4028241692	4.5809495650	1.6060745287	1.1476509870	1.2396654223
36.283500	1.3725366176	1.2965337527	1.3922734490	1.4036567607	4.6041275715	1.6101897991	1.1379972757	1.2436305833
36.525390	1.3727979120	1.2944031966	1.3885217289	1.4048923803	4.6271463571	1.6139746944	1.1275771139	1.2480336454
36.767280	1.3729102492	1.2923691486	1.3846621708	1.4065312728	4.6500030250	1.6174368821	1.1165647583	1.2528596241
37.009170	1.3728874330	1.2904549848	1.3806858983	1.4085715377	4.6727074548	1.6205514466	1.1051465182	1.2580960326
37.251060	1.3727215983	1.2886602375	1.3765940250	1.4110010271	4.6953049003	1.6233180088	1.0935439353	1.2636961082
37.492950	1.3724255983	1.2870158159	1.3724028476	1.4138064744	4.7177951755	1.6256939285	1.0820106435	1.2696095850
37.734840	1.3719987272	1.2855187909	1.3681359819	1.4169745856	4.7401662553	1.6277021972	1.0708158609	1.2757900399
37.976730	1.3714624464	1.2841728566	1.3637945811	1.4204855475	4.7623942754	1.6293574058	1.0602417073	1.2822164598
38.218620	1.3707959970	1.2829614459	1.3593826105	1.4243260392	4.7845008747	1.6306950640	1.0505407265	1.2888420285
38.460510	1.3700234462	1.2819205905	1.3549170076	1.4284805461	4.8065004476	1.6317137795	1.0419646853	1.2956476468
38.702400	1.3691258815	1.2810568092	1.3503810470	1.4329294912	4.8284059245	1.6324004534	1.0347462731	1.3026026075
38.944290	1.3681246022	1.2803634294	1.3458101736	1.4376493810	4.8502266327	1.6327502636	1.0290966648	1.3096427973
39.186180	1.3670367886	1.2798515377	1.3412227675	1.4426090860	4.8719491380	1.6327886639	1.0252171960	1.3167338654
39.428070	1.3658688980	1.2795172572	1.3366267128	1.4477811085	4.8935536908	1.6325583172	1.0231965441	1.3238520790
39.669960	1.3646232690	1.2793620655	1.3320199366	1.4531443499	4.9150743056	1.6320854860	1.0230791076	1.3309863860
39.911850	1.3633026702	1.2794032920	1.3274120660	1.4586852450	4.9365241180	1.6313659638	1.0248579648	1.3381134503
40.153740	1.3619093690	1.2796335561	1.3228264890	1.4643750990	4.9579105956	1.6304106045	1.0284752036	1.3452033962
40.395630	1.3604628258	1.2800564582	1.3182733695	1.4701817950	4.9792215454	1.6292624579	1.0338303638	1.3522242693
40.637520	1.3589671681	1.2806432418	1.3137807245	1.4760863199	5.0004217163	1.6279397204	1.0407630180	1.3591866465
40.879410	1.3574129408	1.2814219159	1.3093575129	1.4820678470	5.0215508256	1.6264731149	1.0490745442	1.3660739983
41.121300	1.3558239424	1.2823631694	1.3050090265	1.4881037197	5.0426381044	1.6248589791	1.0585533236	1.3728750822
41.363190	1.3541968697	1.2834990492	1.3007387304	1.4941674508	5.0637028489	1.6231057782	1.0689598348	1.3795847304
41.605080	1.3525209232	1.2848001711	1.2965985807	1.5002502702	5.0847201626	1.6212223429	1.0800017557	1.3861930567
41.846970	1.3507945348	1.2862514530	1.2925939937	1.5063516983	5.1056842840	1.6192070856	1.0914899021	1.3926970845
42.088860	1.3490242139	1.2878549791	1.2887289590	1.5124670975	5.1266120492	1.6170654259	1.1032745883	1.3990811220
42.330750	1.3472323012	1.2895882794	1.2850144948	1.5185827134	5.1475543385	1.6147610472	1.1151550768	1.4053467194
42.572640	1.3453816657	1.2914733953	1.2814753020	1.5246826839	5.1685334380	1.6122595472	1.1267973264	1.4114935655
42.814530	1.3434548294	1.2935031175	1.2781511795	1.5307598632	5.1895719511	1.6095259925	1.1379471145	1.4175327475
43.056420	1.3414711690	1.2956556371	1.2750396808	1.5368144204	5.2106569440	1.6065661555	1.1485079432	1.4234381649
43.298310	1.3394212776	1.2979192886	1.2721465363	1.5428392276	5.2317939550	1.6034059209	1.1585176552	1.4292010574
43.540200	1.3373465402	1.3002609890	1.2694748173	1.5488143665	5.2530035966	1.6000879866	1.1678811134	1.4348181567
43.782090	1.3352238205	1.3026939088	1.2670601142	1.5547170199	5.2742592823	1.5966208160	1.1763491842	1.4402622861
44.023980	1.3330539277	1.3052073467	1.2649169230	1.5605195793	5.2955643152	1.5929886604	1.1836374566	1.4455642655
44.265870	1.3308523299	1.3078247306	1.2630480932	1.5661899514	5.3169449566	1.5892313180	1.1895972555	1.4506905864
44.507760	1.3286601881	1.3105039596	1.2614470822	1.5716940873	5.3383763857	1.5853924625	1.1941927104	1.4556336874
44.749650	1.3264940873	1.3132457883	1.2601086784	1.5770096401	5.3598423565	1.5815248976	1.1973886852	1.4603817499
44.991540	1.3243667425	1.3160182891	1.2590523794	1.5821293115	5.3813143090	1.5776435127	1.1990957611	1.4649160297
45.233430	1.3222728049	1.3188427383	1.2582847659	1.5870483970	5.4028108252	1.5737178398	1.1992766772	1.4692611310
45.475320	1.3202298851	1.3216938680	1.2578083763	1.5917501334	5.4243448322	1.5697411664	1.1979483879	1.4733859248
45.717210	1.3182293263	1.3245802953	1.2576123068	1.5962279883	5.4459597897	1.5656893660	1.1952018831	1.4772844270
45.959100	1.3162812831	1.3274766585	1.2577007252	1.6004905025	5.4676829592	1.5615345233	1.1910790249	1.4809692705
46.200990	1.3143649060	1.3303709522	1.2580647574	1.6045640565	5.4895126159	1.5572219169	1.1856237041	1.4844388639
46.442880	1.3124662111	1.3332796177	1.2587202868	1.6084520575	5.5114810103	1.5527464218	1.1788936874	1.4876928225
46.684770	1.3105838567	1.3361783422	1.2596592995	1.6121403624	5.5335785679	1.5481237552	1.1709508416	1.4907125755
46.926660	1.3087265620	1.3390812197	1.2608827115	1.6156057539	5.5558013854	1.5434123930	1.1618808143	1.4934899214
47.168550	1.3069230352	1.3419647965	1.2623756446	1.6188361157	5.5781204457	1.5386404935	1.1517644092	1.4960268698
47.410440	1.3052008512	1.3448205648	1.2641376266	1.6218148612	5.6005290261	1.5338261596	1.1407080631	1.4983156677
47.652330	1.3035760774	1.3476507787	1.2661448728	1.6245122587	5.6230233625	1.5289850590	1.1288612173	1.5003332045
47.894220	1.3020750780	1.3504517941	1.2683803539	1.6269048385	5.6456113451	1.5241326798	1.1163704249	1.5020734922
48.136110	1.3007035394	1.3532216225	1.2708518658	1.6289913883	5.6682898955	1.5192455532	1.1034781503	1.5035461561
48.378000	1.2994705935	1.3559429126	1.2735238713	1.6307832967	5.6910762028	1.5143088033	1.0904707583	1.5047327923
48.619890	1.2983766009	1.3586235697	1.2764042399	1.6322925058	5.7139698638	1.5092796963	1.0777031414	1.5056452064
48.861780	1.2974076435	1.3612545866	1.2794618356	1.6335276448	5.7369916857	1.5041714289	1.0654550759	1.5062846161
49.103670	1.2965263689	1.3638471005	1.2826999661	1.6345132329	5.7601676839	1.4989772973	1.0539498921	1.5066531907
49.345560	1.2957230114	1.3663828974	1.2861177652	1.6352680554	5.7834714747	1.4937028541	1.0434729174	1.5067596320
49.587450	1.2950057672	1.3688692641	1.2897037188	1.6357827877	5.8069054328	1.4883569221	1.0343873732	1.5065878939
49.829340	1.2944170796	1.3712789379	1.2934392425	1.6360230687	5.8304607210	1.4829720370	1.0270400093	1.5061242501
50.071230	1.2939793657	1.3736231176	1.2973000997	1.6359701556	5.8541601966	1.4775409033	1.0216701894	1.5053687510
50.313120	1.2936932464	1.3759106834	1.3012754734	1.6356184029	5.8779777969	1.4720596590	1.0183495886	1.5043244667
50.555010	1.2935658998	1.3781346778	1.3053545185	1.6349654410	5.9019139893	1.4665463333	1.0170891454	1.5030083963
50.796900	1.2936068260	1.3803021101	1.3094994196	1.6340046719	5.9259478650	1.4610793679	1.0179206977	1.5013970766
51.038790	1.2938209744	1.3823928558	1.3137158625	1.6327354360	5.9500681418	1.4557197851	1.0208425480	1.4994959420
51.280680	1.2941966402	1.3844222823	1.3179806682	1.6311669817	5.9742404164	1.4505044090	1.0257458373	1.4973145235
51.522570	1.2947101250	1.3863695587	1.3223121397	1.6293134500	5.9984400318	1.4454785897	1.0324807565	1.4948653436
51.764460	1.2953642394	1.3882190677	1.3267145009	1.6271847134	6.0226641043	1.4406562605	1.0408905908	1.4921471903
52.006350	1.2961616521	1.3899926552	1.3311504498	1.6247780112	6.0469672332	1.4359504990	1.0508149274	1.4891586303
52.248240	1.2971017083	1.3916982438	1.3356098106	1.6220961513	6.0713923812	1.4313297508	1.0619974081	1.4859153157
52.490130	1.2981647763	1.3933233203	1.3400698175	1.6191656815	6.0959536894	1.4268290602	1.0740758066	1.4824148817
52.732020	1.2993385009	1.3948847008	1.3445300239	1.6160024918	6.1206327388	1.4224642855	1.0867527337	1.4786615249
52.973910	1.3006148333	1.3963949785	1.3489701725	1.6125919670	6.1454296327	1.4182506990	1.0997474318	1.4746749472
53.215800	1.3020136900	1.3978201412	1.3533853911	1.6089116956	6.1703093502	1.4143431083	1.1127739102	1.4704375558
53.457690	1.3035275571	1.3991682922	1.3577905257	1.6049534945	6.1952258234	1.4108265604	1.1255530902	1.4659474721
53.699580	1.3051799310	1.4004290398	1.3621473521	1.6007115916	6.2201956789	1.4076709141	1.1378777806	1.4612050598
53.941470	1.3069574671	1.4016387245	1.3664590411	1.5961739946	6.2452619589	1.4048646773	1.1495752008	1.4562186064
54.183360	1.3088661287	1.4027820689	1.3706894217	1.5913292463	6.2704413031	1.4025141971	1.1603732983	1.4509442394
54.425250	1.3108973882	1.4038753350	1.3748295503	1.5861807609	6.2956925536	1.4006527251	1.1700969005	1.4454057311
54.667140	1.3130353223	1.4048958098	1.3788953786	1.5807480928	6.3209896727	1.3992940946	1.1786720781	1.4396238124
54.909030	1.3152772968	1.4058300938	1.3828921903	1.5750622799	6.3462587119	1.3985231489	1.1859538487	1.4336024561
55.150920	1.3176069103	1.4066704871	1.3867988068	1.5691462097	6.3714894735	1.3983900706	1.1918185706	1.4273520576
55.392810	1.3200153373	1.4074373348	1.3906224579	1.5630035226	6.3967296863	1.3987817239	1.1962852541	1.4208841985
55.634700	1.3224947841	1.4081425382	1.3943474932	1.5566402990	6.4220395595	1.3996292626	1.1993319228	1.4141972207
55.876590	1.3250318126	1.4087885488	1.3979442239	1.5500769547	6.4474594918	1.4008958995	1.2009481541	1.4073166504
56.118480	1.3275969502	1.4093849398	1.4014290020	1.5433391115	6.4730060098	1.4025403297	1.2011900451	1.4002427294
56.360370	1.3301728827	1.4099134408	1.4047925550	1.5364481084	6.4986762650	1.4045373605	1.2001178062	1.3929948916
56.602260	1.3327700337	1.4103765543	1.4080445865	1.5294235251	6.5244089732	1.4069421284	1.1976391168	1.3855951945
56.844150	1.3353667423	1.4107616598	1.4111655543	1.5222779116	6.5502256487	1.4097702310	1.1937603759	1.3780445669
57.086040	1.3379590559	1.4110795101	1.4141650520	1.5150289870	6.5761429369	1.4128986292	1.1886458886	1.3703840738
57.327930	1.3405459100	1.4113535976	1.4170328729	1.5077040404	6.6021670878	1.4162945097	1.1823516932	1.3626113947
57.569820	1.3431000964	1.4115478504	1.4197442800	1.5003312916	6.6282763441	1.4199778903	1.1748832375	1.3547760707
57.811710	1.3456262853	1.4116869257	1.4223165752	1.4929238078	6.6544689820	1.4239554312	1.1663259295	1.3468667671
58.053600	1.3480982991	1.4117466018	1.4247367037	1.4854923484	6.6807287636	1.4282332895	1.1567637203	1.3389085772
58.295490	1.3505300860	1.4117297530	1.4270090035	1.4780466410	6.7070297798	1.4328420124	1.1462912969	1.3309290979
58.537380	1.3529256328	1.4116330326	1.4291342646	1.4705850296	6.7333945216	1.4377282426	1.1351415005	1.3229356515
58.779270	1.3552908722	1.4114647280	1.4311094239	1.4631200208	6.7598250199	1.4428258904	1.1235609969	1.3149457511
59.021160	1.3576054611	1.4112257781	1.4329258259	1.4556927949	6.7862934607	1.4481215902	1.1116826297	1.3070087793
59.263050	1.3598547513	1.4108977300	1.4345615763	1.4483449623	6.8127718294	1.4536467939	1.0996321120	1.2991497068
59.504940	1.3620210803	1.4104740703	1.4360309286	1.4411034140	6.8392410710	1.4593389944	1.0876831300	1.2914093522
59.746830	1.3641033552	1.4099553828	1.4373213916	1.4339930349	6.8656968865	1.4651446866	1.0761062799	1.2838051271
59.988720	1.3661046682	1.4093606599	1.4384445724	1.4270287832	6.8921441252	1.4710286760	1.0651769451	1.2763607079
60.230610	1.3680221794	1.4086595678	1.4393958534	1.4202124998	6.9186296530	1.4769061353	1.0552057300	1.2690949708
60.472500	1.3698656516	1.4078699740	1.4401804323	1.4135739110	6.9451300353	1.4826974540	1.0464703478	1.2620561732
60.714390	1.3716094871	1.4069851574	1.4407833659	1.4071616915	6.9716399003	1.4883922877	1.0391639523	1.2552622111
60.956280	1.3732277012	1.4059840963	1.4411974202	1.4010193898	6.9981202645	1.4939552218	1.0334328109	1.2487700861
61.198170	1.3747236357	1.4048726138	1.4414149827	1.3951783690	7.0245801523	1.4993308288	1.0294572578	1.2426076740
61.440060	1.3760693420	1.4036602213	1.4414497304	1.3896704354	7.0509824122	1.5044553836	1.0273984800	1.2367919976
61.681950	1.3772840597	1.4023407550	1.4412921406	1.3845154975	7.0773457527	1.5092668348	1.0273089625	1.2313593158
61.923840	1.3783621965	1.4009051420	1.4409695854	1.3797338253	7.1037032921	1.5136827101	1.0291886521	1.2263631162
62.165730	1.3792959627	1.3993619015	1.4404757517	1.3753477135	7.1300401742	1.5176721514	1.0329236467	1.2218093819
62.407620	1.3800825591	1.3977021193	1.4397871296	1.3713862977	7.1563528249	1.5212053719	1.0383741148	1.2177634909
62.649510	1.3807056598	1.3959205451	1.4389150894	1.3678722284	7.1826323887	1.5242972967	1.0453092138	1.2142380428
62.891400	1.3811504838	1.3940117597	1.4378566306	1.3648171313	7.2088668229	1.5269405113	1.0534994254	1.2112801143
63.133290	1.3814365005	1.3920040061	1.4366166701	1.3622362768	7.2350322156	1.5290893431	1.0627485551	1.2089082290
63.375180	1.3815452999	1.3898826984	1.4352030865	1.3601472323	7.2611037678	1.5307280433	1.0728142948	1.2071239515
63.617070	1.3814900602	1.3876554151	1.4336289919	1.3585658161	7.2870933314	1.5318199701	1.0834341927	1.2059666975
63.858960	1.3812716882	1.3853200238	1.4318855663	1.3575055837	7.3130125905	1.5323272184	1.0942899712	1.2054897572
64.100850	1.3808822151	1.3828645504	1.4299690367	1.3569660575	7.3388683064	1.5322601242	1.1051457195	1.2056853720
64.342740	1.3803228648	1.3803150182	1.4278918392	1.3569410328	7.3646640395	1.5316356666	1.1157924695	1.2065615542
64.584630	1.3796115624	1.3776481383	1.4256548974	1.3574161930	7.3904010244	1.5304872468	1.1259833405	1.2081118977
64.826520	1.3787610214	1.3748857862	1.4232591209	1.3583813469	7.4160878721	1.5288235190	1.1355588336	1.2103383008
