#t 0-1 0-2 0-3 0-4 0-5 0-6 1-2 1-3 1-4 1-5 1-6 2-3 2-4 2-5 2-6 3-4 3-5 3-6 4-5 4-6 5-6
0 0.00100192 0.0395465 0.155789 0.0142353 0.0434707 0.0862977 0.160396 0.0290603 0.0366312 0.326924 0.0621832 26.5869 6.90468 5.56768 0.350171 3.73189 12.5314 2.60611 43.9804 0.499566 14.6134
.241890 0.00100515 0.0415544 0.157516 0.014672 0.0407311 0.0857357 0.160168 0.0273798 0.0379035 0.318616 0.0611532 28.3683 7.04331 5.65509 0.346561 4.48525 12.4896 2.34652 33.1412 0.398571 13.9638
.483780 0.00101003 0.0449949 0.158365 0.0154864 0.0372515 0.0849205 0.157728 0.026718 0.041275 0.304798 0.0601533 31.9839 7.11307 5.69586 0.346035 5.56718 12.0878 2.0434 22.758 0.306708 13.6243
.725670 0.00102354 0.0502548 0.157791 0.0165817 0.0332967 0.0838269 0.153178 0.0278553 0.0465046 0.285686 0.0593311 38.0484 7.16196 5.61476 0.3485 7.06036 11.3454 1.72106 14.2886 0.231527 13.627
.967560 0.00103764 0.0578914 0.154972 0.0177739 0.0292516 0.082477 0.146414 0.0316931 0.0528464 0.2623 0.0589312 47.3425 7.24674 5.35382 0.355942 9.08566 10.3728 1.41851 8.43166 0.176867 13.9944
1.209450 0.00105713 0.0687522 0.148896 0.0188541 0.0254643 0.0808474 0.137037 0.0392491 0.0590945 0.236327 0.059204 60.3865 7.40271 4.88243 0.37148 11.8574 9.35004 1.15945 4.89004 0.141412 14.8801
1.451340 0.00107786 0.0838405 0.138572 0.019637 0.0221298 0.0789729 0.124225 0.051653 0.0640151 0.209685 0.0603126 76.0497 7.61342 4.21387 0.400084 15.8202 8.43641 0.953988 2.97264 0.121909 16.5681
1.693230 0.00110595 0.103791 0.123426 0.0199727 0.0193563 0.076893 0.107368 0.069964 0.0664494 0.184228 0.0622065 88.9639 7.79187 3.39888 0.447636 21.9111 7.71378 0.800507 2.03393 0.115682 19.8395
1.935120 0.00113564 0.126141 0.105928 0.0198387 0.0171197 0.0747736 0.0886588 0.0928664 0.0659049 0.161189 0.0644657 90.624 7.80362 2.56774 0.511111 30.9885 7.05834 0.694571 1.61746 0.119754 26.3931
2.177010 0.00116491 0.148658 0.0884163 0.0191806 0.0154854 0.0726017 0.0696142 0.118759 0.0619923 0.141708 0.0663217 78.5573 7.58083 1.82461 0.590263 44.3772 6.39722 0.634562 1.51214 0.138556 41.319
2.418900 0.00119748 0.168987 0.073376 0.0179393 0.014707 0.070144 0.0522653 0.145421 0.0546572 0.127196 0.0664605 58.8321 7.10698 1.22317 0.685323 62.8269 5.63656 0.640275 1.6114 0.186752 83.3917
2.660790 0.0012345 0.18577 0.0622654 0.0160957 0.0157983 0.0664078 0.0379136 0.170802 0.044564 0.120126 0.0621268 39.9341 6.39147 0.756213 0.803046 83.8592 4.66166 0.78205 1.82926 0.319374 246.101
2.902680 0.00126833 0.198491 0.0552794 0.0139308 0.0230942 0.0570261 0.0272915 0.192162 0.0341636 0.125752 0.0477317 26.7289 5.5229 0.39956 0.939184 99.2109 3.24497 1.30971 1.85797 0.75903 1029.58
3.144570 0.00131391 0.208448 0.0511397 0.0114719 0.045169 0.0333207 0.0193036 0.20872 0.0250019 0.138481 0.0285863 18.1462 4.47541 0.286275 0.917827 96.798 1.25681 2.37528 1.16106 2.10615 1600.3
3.386460 0.00135885 0.216017 0.0488772 0.00928612 0.0605391 0.0167019 0.0135408 0.218047 0.0199433 0.13358 0.0289436 13.2882 3.40959 0.466875 0.662267 76.5889 0.308506 2.48604 0.506854 3.42846 312.72
3.628350 0.00141008 0.2219 0.0476197 0.00756322 0.0648258 0.0115526 0.00941869 0.220976 0.0188372 0.128588 0.0310442 10.563 2.45216 0.612228 0.483097 50.3296 0.0960097 2.00881 0.319142 4.27882 57.7363
3.870240 0.00145783 0.226386 0.0468935 0.0064069 0.0661077 0.00968833 0.00663216 0.219587 0.0199776 0.12683 0.0311417 9.06563 1.74351 0.708566 0.379947 30.7597 0.0385941 1.56719 0.275324 4.89802 16.3909
4.112130 0.00151065 0.229837 0.046426 0.00564352 0.0665816 0.00887808 0.00477898 0.215949 0.0215751 0.126592 0.0307115 8.16546 1.25787 0.781053 0.319433 18.7144 0.0184977 1.23929 0.284238 5.42151 6.47427
4.354020 0.00156529 0.232574 0.0460522 0.00510717 0.0668032 0.00855184 0.00354856 0.21106 0.0227124 0.126977 0.0305149 7.5532 0.924742 0.84149 0.283862 11.5479 0.0108909 0.997919 0.330576 5.94766 3.21329
4.595910 0.00162003 0.234663 0.0456943 0.00468661 0.066902 0.00853041 0.00280105 0.205537 0.0229726 0.127525 0.0308581 7.10119 0.702223 0.893916 0.265498 7.42976 0.00913813 0.823379 0.421289 6.5044 1.91474
4.837800 0.00167478 0.236282 0.0452861 0.00430333 0.0669569 0.00874967 0.00240166 0.199536 0.0222773 0.127936 0.0319107 6.73954 0.548203 0.940766 0.260029 4.99153 0.010743 0.693988 0.586699 7.12299 1.31099
5.079690 0.00173032 0.237573 0.0447882 0.00390665 0.0669117 0.00919951 0.00225526 0.19299 0.0206668 0.128205 0.033835 6.43421 0.436153 0.981595 0.265998 3.48882 0.0148779 0.59488 0.909167 7.82414 1.01318
5.321580 0.00177858 0.238506 0.0441343 0.00347273 0.0668008 0.00986702 0.00229386 0.185853 0.0181799 0.128317 0.0367099 6.17324 0.349391 1.01795 0.28237 2.53722 0.0212663 0.516128 1.61863 8.60241 0.862177
5.563470 0.00182996 0.239128 0.0433569 0.00301972 0.0666046 0.0107597 0.00248133 0.178259 0.0150104 0.128161 0.0406179 5.94722 0.27908 1.04991 0.308652 1.92501 0.0297939 0.453674 3.49694 9.42714 0.794364
5.805360 0.00188417 0.23955 0.0424599 0.00263536 0.0662727 0.0118592 0.00278424 0.17019 0.0115316 0.127672 0.0455455 5.76 0.220721 1.07737 0.344674 1.53165 0.0408757 0.404729 9.72575 10.2243 0.787066
6.047250 0.0019401 0.239811 0.0414528 0.00253168 0.0657044 0.0131004 0.00318794 0.161607 0.00862166 0.126523 0.0512628 5.6181 0.17389 1.1013 0.388807 1.28618 0.0556759 0.368122 35.5572 10.8538 0.84761
6.289140 0.00199377 0.239957 0.0403313 0.00312371 0.0646546 0.0143565 0.00367648 0.152521 0.00809709 0.123746 0.0572784 5.5235 0.141439 1.12385 0.436947 1.14879 0.0774295 0.342595 149.673 11.109 1.02292
6.531030 0.00205006 0.240091 0.0391066 0.00479924 0.0629756 0.0154424 0.00423781 0.142873 0.012538 0.117945 0.0627841 5.48861 0.125474 1.15377 0.482383 1.09821 0.111473 0.329429 492.772 10.7864 1.37423
6.772920 0.00210484 0.240176 0.0377554 0.00688509 0.0615627 0.0161896 0.00486769 0.132523 0.0218698 0.110485 0.0669736 5.52009 0.122574 1.20811 0.518129 1.1503 0.154846 0.32803 809.516 9.98561 1.73707
7.014810 0.00216578 0.240264 0.0362601 0.00810345 0.0617784 0.0165258 0.00557885 0.121288 0.0324112 0.105616 0.0693701 5.63999 0.14313 1.29034 0.539447 1.367 0.192095 0.337006 606.703 9.06037 1.78147
7.256700 0.00223212 0.240334 0.0345777 0.00904113 0.0630464 0.0164996 0.00638333 0.10887 0.0437284 0.103997 0.0700724 5.87677 0.22938 1.37269 0.546391 1.85736 0.219296 0.355328 284.9 8.10308 1.56525
7.498590 0.00229716 0.240405 0.0326421 0.0107125 0.0642702 0.0162417 0.00728728 0.0950435 0.0575239 0.103636 0.0695321 6.26996 0.418241 1.43497 0.542388 2.8192 0.239429 0.383043 116.403 7.0904 1.30438
7.740480 0.00236615 0.240471 0.03035 0.013374 0.0651399 0.0158703 0.00827649 0.0796208 0.0744463 0.103361 0.0682503 6.86212 0.736019 1.47786 0.531589 4.6054 0.250743 0.42218 50.283 6.09679 1.09143
7.982370 0.00243493 0.240495 0.0276773 0.0168973 0.0657154 0.0154656 0.00938186 0.0628237 0.0938383 0.102985 0.0666111 7.78484 1.21585 1.50478 0.517213 7.6979 0.249327 0.476449 24.6223 5.19372 0.93538
8.224260 0.00249792 0.240398 0.0246523 0.0210853 0.0660887 0.0150751 0.0106104 0.0455668 0.114231 0.102504 0.0648448 9.27531 1.89946 1.51667 0.501358 12.4231 0.233292 0.54917 13.8505 4.40852 0.825032
8.466150 0.00255604 0.240126 0.0215 0.0256487 0.0663498 0.0147192 0.0119544 0.0297818 0.133212 0.101952 0.0630502 11.8543 2.82594 1.51493 0.484761 18.2091 0.207519 0.638932 8.85453 3.73886 0.749796
8.708040 0.0026368 0.239542 0.0186954 0.0301634 0.0665346 0.0144036 0.0134023 0.0179033 0.147948 0.101397 0.0612459 16.7805 4.00967 1.49903 0.467546 23.1379 0.181068 0.735737 6.25945 3.17736 0.701789
8.949930 0.00269064 0.238408 0.0168095 0.0342215 0.0666627 0.01413 0.0148763 0.0116103 0.15654 0.100809 0.0594184 27.3712 5.43043 1.46807 0.44909 25.2695 0.162097 0.822452 4.74596 2.71549 0.677679
9.191820 0.00274113 0.236381 0.0162668 0.0377481 0.0667569 0.013895 0.0162178 0.0109711 0.159198 0.100244 0.0575851 54.4895 7.07283 1.42281 0.428526 24.3457 0.153029 0.889747 3.78755 2.34025 0.670104
9.433710 0.00278842 0.232015 0.0184967 0.0406864 0.0668215 0.0136845 0.0170675 0.015195 0.156766 0.0996914 0.0556588 154.015 8.78074 1.35615 0.402404 21.7299 0.161055 0.932444 3.12058 2.04396 0.680461
9.675600 0.00283206 0.217538 0.0312033 0.0431258 0.0668606 0.0134935 0.0161033 0.0237528 0.151008 0.099191 0.0535762 936.466 9.98944 1.22622 0.363216 19.539 0.227922 0.959034 2.61801 1.81295 0.711164
9.917490 0.00287713 0.0878338 0.159072 0.0455052 0.0668855 0.0133299 0.0110536 0.0383983 0.143432 0.0986257 0.0515165 12500.6 8.16578 0.486074 0.467584 20.9796 0.900488 0.827595 2.2252 1.62386 0.760247
10.159380 0.00291006 0.00853971 0.236489 0.0477976 0.0669269 0.0132043 0.0273828 0.0325343 0.135033 0.0980902 0.0494605 435.973 8.6671 0.0756727 0.746427 21.1029 1.24518 0.509327 1.91617 1.47064 0.831264
10.401270 0.00294066 0.00567815 0.237307 0.0501104 0.0669642 0.0131114 0.0389018 0.0319477 0.126265 0.0975657 0.0473991 84.8423 7.49617 0.0597574 0.761647 24.0004 1.19482 0.447043 1.65794 1.34569 0.931151
10.643160 0.00296078 0.00574105 0.235114 0.0523437 0.0670042 0.0130526 0.0482755 0.0330139 0.117711 0.0970324 0.0452821 38.2629 6.25414 0.0563016 0.735842 27.9643 1.13418 0.421238 1.44011 1.24424 1.07166
10.885050 0.0029725 0.00599331 0.232666 0.0544641 0.067022 0.0130379 0.0563872 0.0344954 0.109752 0.0966625 0.0431965 23.1323 5.26763 0.053284 0.698681 32.4703 1.07677 0.406426 1.25306 1.16278 1.26869
11.126940 0.00296477 0.00622166 0.230315 0.0563292 0.0670144 0.0130746 0.0632669 0.0360341 0.102558 0.0964059 0.0411437 16.2368 4.5236 0.0502115 0.658356 37.1734 1.02418 0.396779 1.09212 1.09728 1.54794
11.368830 0.00294415 0.00642727 0.228209 0.0578146 0.0669932 0.0131656 0.0688917 0.0374521 0.0962559 0.096254 0.0391552 12.5453 3.97035 0.047223 0.618267 41.8079 0.977056 0.390623 0.9535 1.04648 1.94551
11.610720 0.0029159 0.00664555 0.226462 0.0587918 0.0669097 0.0133118 0.0732922 0.0386538 0.0909029 0.0962763 0.0372555 10.3936 3.558 0.0445812 0.58027 46.0635 0.935446 0.38726 0.832884 1.00866 2.52872
11.852610 0.00286861 0.00691967 0.225161 0.059107 0.0667605 0.0135167 0.0765794 0.0395507 0.0865093 0.0964591 0.0354568 9.08769 3.24666 0.0424042 0.545605 49.5639 0.899816 0.385893 0.727919 0.981978 3.38756
12.094500 0.00282363 0.00729635 0.224343 0.058748 0.0665279 0.0137769 0.0789988 0.0400933 0.0830414 0.0968142 0.0337467 8.28657 3.00714 0.0408023 0.514687 52.0389 0.870116 0.386155 0.636198 0.965299 4.6662
12.336390 0.00276993 0.00781417 0.223998 0.0576673 0.0661967 0.0140901 0.0808205 0.0402145 0.0804607 0.0973306 0.0321135 7.80701 2.81677 0.0398515 0.487827 53.1622 0.846344 0.387313 0.555626 0.956219 6.55768
12.578280 0.00271429 0.00850284 0.224091 0.0559198 0.0657526 0.014453 0.0823483 0.0399694 0.0786539 0.0979924 0.0305377 7.53295 2.65992 0.0395881 0.464926 52.8107 0.82819 0.388727 0.485147 0.952908 9.32306
12.820170 0.00265205 0.00937133 0.22448 0.0536126 0.0651947 0.0148556 0.0839297 0.0393548 0.077524 0.0987756 0.0290295 7.38312 2.52321 0.040015 0.445899 50.9645 0.815428 0.389963 0.423586 0.953127 13.1945
13.062060 0.00258573 0.0104118 0.225045 0.0508967 0.0645346 0.0152768 0.0858333 0.0384289 0.0769516 0.0996271 0.0276146 7.3024 2.39669 0.0410049 0.430517 47.7636 0.807873 0.390601 0.370075 0.955366 18.2411
13.303950 0.0025148 0.0116012 0.225626 0.0479604 0.0638011 0.0156803 0.0882862 0.0372675 0.0767756 0.100499 0.026342 7.25131 2.27418 0.0423676 0.418622 43.5479 0.805274 0.390409 0.323783 0.958237 24.1264
13.545840 0.00243921 0.0129094 0.226122 0.0449444 0.0630657 0.0160049 0.0914279 0.0359437 0.0768708 0.101291 0.0252767 7.20087 2.15093 0.0437449 0.41022 38.6972 0.807421 0.38906 0.283722 0.96098 29.8431
13.787730 0.00235845 0.0143004 0.226412 0.0419962 0.0623596 0.0161935 0.0953289 0.0345641 0.0771358 0.101953 0.0244723 7.13703 2.02571 0.0448174 0.405173 33.6199 0.814925 0.386594 0.249241 0.964564 33.9409
14.029620 0.0022805 0.0157523 0.226422 0.0392266 0.0617492 0.0161876 0.100101 0.0331944 0.0774965 0.102441 0.0239655 7.05023 1.89949 0.0452649 0.403817 28.6709 0.82823 0.382758 0.219268 0.967044 35.0098
14.271510 0.00220312 0.0172391 0.226105 0.0366853 0.0612628 0.0159609 0.105805 0.0318829 0.077823 0.102756 0.0237738 6.93913 1.77386 0.0449558 0.405905 24.079 0.848283 0.377669 0.19316 0.971113 32.5136
14.513400 0.00212791 0.0187348 0.225457 0.0344166 0.0608875 0.0155335 0.112558 0.0306812 0.0780503 0.102928 0.0238751 6.79734 1.6516 0.043992 0.411413 19.9995 0.876027 0.371629 0.170554 0.975471 27.229
14.755290 0.00205252 0.0202142 0.224554 0.0324123 0.0605711 0.0149638 0.120446 0.0296171 0.078131 0.103024 0.0242 6.62044 1.53255 0.0426785 0.420128 16.4785 0.911975 0.36487 0.151358 0.979962 20.6995
14.997180 0.00197987 0.0216287 0.223371 0.0306649 0.060245 0.0143213 0.129713 0.0287382 0.0779942 0.103112 0.0246968 6.39433 1.41803 0.0412839 0.431509 13.5195 0.957884 0.358215 0.135828 0.98416 14.4707
15.239070 0.0019081 0.0229431 0.22207 0.0291559 0.0598535 0.0136844 0.140641 0.0280664 0.0776109 0.103268 0.0253162 6.11414 1.30874 0.0401496 0.445023 11.0683 1.01593 0.352208 0.124174 0.98789 9.48004
15.480960 0.00184047 0.0241265 0.220562 0.0278418 0.0593908 0.0131106 0.153568 0.0276124 0.0769759 0.103544 0.0259855 5.77851 1.20459 0.0394575 0.46103 9.05547 1.08898 0.347236 0.116445 0.991442 5.94884
15.722850 0.00177786 0.0251522 0.218986 0.0267001 0.0588639 0.0126359 0.168868 0.0273997 0.0760742 0.104026 0.0266757 5.39478 1.10584 0.0392565 0.478848 7.41304 1.1806 0.343593 0.11265 0.995774 3.66009
15.964740 0.0017137 0.0260214 0.217335 0.0257051 0.0582996 0.0122697 0.186889 0.0274439 0.0749088 0.10474 0.0273766 4.98243 1.0132 0.0395072 0.498233 6.0756 1.29403 0.341238 0.112581 1.00069 2.25643
16.206630 0.00164879 0.0267529 0.215637 0.0248213 0.0577225 0.0120123 0.20797 0.0277147 0.0735394 0.105634 0.0280963 4.56376 0.927919 0.0401188 0.518336 4.98779 1.43337 0.34057 0.116691 1.00777 1.41957
16.448520 0.001597 0.0274219 0.213857 0.0240391 0.0571752 0.011853 0.231857 0.0283411 0.0719827 0.10677 0.0288526 4.16969 0.851126 0.0410767 0.538967 4.10364 1.60305 0.341354 0.125269 1.01822 0.923207
