0 -514.341797689016 2.921786133350927E-002 2.919270554922819E-002 1 2.363129991953641E-002 2.361233528308890E-002 2 4.053289186253236E-002 4.051879109981972E-002 3 2.814951387093997E-002 2.814387560220937E-002 4 2.981488709345995E-002 2.979588571832946E-002 5 4.663347677424838E-002 4.662325760488813E-002 6 3.491870467062869E-002 3.490445739095224E-002 7 2.677349741960185E-002 2.675975057259252E-002
.241890 -514.341797646549 4.158374579823643E-002 4.157254637771400E-002 1 3.165614296028085E-002 3.166348719526755E-002 2 5.708410683021191E-002 5.706671126312897E-002 3 3.381670188058251E-002 3.379536058922780E-002 4 4.290846912321608E-002 4.289415841666261E-002 5 5.744439025663944E-002 5.743863826723494E-002 6 4.158667571383819E-002 4.157503698671910E-002 7 3.464623958077623E-002 3.463615950560713E-002
.483780 -514.341800156250 5.424797742106015E-002 5.436078530142559E-002 1 3.837915998450951E-002 3.839332022064174E-002 2 7.133422238189258E-002 7.136636889265195E-002 3 3.868797069890954E-002 3.873313623303275E-002 4 5.450437472917074E-002 5.452986940030044E-002 5 6.657933004265114E-002 6.662808511426903E-002 6 4.632924843383403E-002 4.634954975543074E-002 7 4.166653241866591E-002 4.168046594321782E-002
.725670 -514.341806233136 6.475070830892096E-002 6.482045064319614E-002 1 4.361603996170216E-002 4.360357292546325E-002 2 8.258138500069198E-002 8.260074879299990E-002 3 4.285937980401432E-002 4.287306775242321E-002 4 6.376843632384251E-002 6.380204100889141E-002 5 7.380516592057516E-002 7.383271995109252E-002 6 4.854347991341026E-002 4.853701152523415E-002 7 4.720019099414309E-002 4.723643135359896E-002
.967560 -514.341814555170 7.047232285277297E-002 7.054826099121823E-002 1 4.641823719429438E-002 4.645887588297882E-002 2 9.019376629147682E-002 9.022030827528639E-002 3 4.577967618776776E-002 4.582959688685254E-002 4 6.981421621936007E-002 6.986303944513164E-002 5 7.829991052803204E-002 7.833843249271732E-002 6 4.832335948811155E-002 4.830616584898502E-002 7 5.118253798486833E-002 5.119300657690525E-002
1.209450 -514.341826791871 7.316175454191284E-002 7.328761548769866E-002 1 4.665356590540379E-002 4.668005538427804E-002 2 9.414430847007685E-002 9.417323058013663E-002 3 4.748691464201820E-002 4.753817995981893E-002 4 7.215482748947187E-002 7.222961480088312E-002 5 7.987984433724075E-002 7.994161121277245E-002 6 4.605433922810127E-002 4.602217673295653E-002 7 5.358876991007983E-002 5.363657853804970E-002
1.451340 -514.341839757353 7.301559125773248E-002 7.311212200528101E-002 1 4.432760559033539E-002 4.432590143907380E-002 2 9.460761786417655E-002 9.459449959525797E-002 3 4.814027917459518E-002 4.817487285307504E-002 4 7.047711701500058E-002 7.051210077533582E-002 5 7.845648209375224E-002 7.845952507732018E-002 6 4.216412835850814E-002 4.212710605435060E-002 7 5.442763427481560E-002 5.444717297756501E-002
1.693230 -514.341845182629 6.344576757953053E-002 6.298075335676614E-002 1 3.950025853455532E-002 3.955941424466888E-002 2 9.181984647907675E-002 9.193615268591268E-002 3 4.792793476422429E-002 4.804424402069653E-002 4 6.467315615787042E-002 6.480428884307399E-002 5 7.396861796222921E-002 7.409561015046685E-002 6 3.694539929108019E-002 3.699311801004317E-002 7 5.362909985545150E-002 5.376846151009432E-002
1.935120 -514.341856096242 5.037273420717281E-002 5.044445910309967E-002 1 3.140495371733813E-002 3.146835974558009E-002 2 8.308605766119521E-002 8.315146176705855E-002 3 4.546589292657483E-002 4.560229970622638E-002 4 5.423393770894700E-002 5.428438029350481E-002 5 6.522794641508452E-002 6.530903278305990E-002 6 2.845392926566937E-002 2.846316714314196E-002 7 4.835132479792230E-002 4.845484898940882E-002
2.177010 -514.341863802676 4.134604824143680E-002 4.137081726842402E-002 1 2.142267136664435E-002 2.149920761710978E-002 2 7.250306432851235E-002 7.258589853298004E-002 3 4.102219166180653E-002 4.121174063785662E-002 4 4.205744375639658E-002 4.207351609499630E-002 5 5.416944974509731E-002 5.428467588176115E-002 6 1.937528493274121E-002 1.943660442570497E-002 7 4.150787014475624E-002 4.164706180446320E-002
2.418900 -514.341867373849 3.062051616884997E-002 3.060485130759757E-002 1 9.682149535622962E-003 9.785401619534997E-003 2 6.026258870815782E-002 6.035507021373146E-002 3 3.428886887128683E-002 3.450615638205757E-002 4 2.886154994765419E-002 2.885260649958576E-002 5 4.085105087609919E-002 4.099595109086303E-002 6 9.735817434432865E-003 9.801859083623776E-003 7 3.298545359641471E-002 3.315952449496064E-002
2.660790 -514.341861979961 1.202523219381364E-002 1.184352121127907E-002 1 -3.565494330595024E-003 -3.464595956167707E-003 2 4.664884669345183E-002 4.670987382840704E-002 3 2.524482777079541E-002 2.543403876132075E-002 4 1.538803399848240E-002 1.535718406536985E-002 5 2.540445575486007E-002 2.550593094716459E-002 6 -1.713230563336743E-004 -1.848945601028142E-004 7 2.260042826867200E-002 2.282485859316393E-002
2.902680 -514.341846680780 2.377609235096557E-003 2.418941288532101E-003 1 -1.842383083206203E-002 -1.832513466564963E-002 2 3.060631251488491E-002 3.074385776580440E-002 3 1.310766957555257E-002 1.333081097925386E-002 4 1.774363035045062E-003 1.821544937163670E-003 5 8.111471572787004E-003 8.264038335371862E-003 6 -1.011226877102381E-002 -1.039015222151934E-002 7 8.061577256217336E-003 8.658864929630132E-003
3.144570 -514.341838061870 -3.495123497047121E-003 -3.680143922825055E-003 1 -3.203696690086694E-002 -3.190975682225854E-002 2 1.694260517514483E-002 1.703224939482550E-002 3 1.910398928422683E-003 2.081789170667397E-003 4 -9.751271417620449E-003 -9.664219367378159E-003 5 -9.735598508547839E-003 -9.646589107516852E-003 6 -1.320448975640163E-002 -1.360650755434647E-002 7 -8.719746263587074E-003 -8.081143636514783E-003
3.386460 -514.341825838714 -1.446894454352800E-002 -1.421971405463963E-002 1 -4.603277565269719E-002 -4.594735249515652E-002 2 2.736218153194641E-003 2.824549566158828E-003 3 -1.016722849599881E-002 -1.002480198006015E-002 4 -2.050012054571489E-002 -2.036548041807791E-002 5 -2.763908121726498E-002 -2.763105105613101E-002 6 -1.520690435381039E-002 -1.453670465533589E-002 7 -2.755862585498209E-002 -2.800379763786807E-002
3.628350 -514.341809175998 -2.763377149811843E-002 -2.778443970911263E-002 1 -5.708390774920504E-002 -5.699886040386004E-002 2 -8.216357263227428E-003 -8.127203147622483E-003 3 -1.932919889852085E-002 -1.919022787779471E-002 4 -2.798927144576191E-002 -2.780750518076178E-002 5 -4.333012394606821E-002 -4.334445300425680E-002 6 -1.775536147764512E-002 -1.746151862066142E-002 7 -3.883181337304340E-002 -3.888902327555710E-002
3.870240 -514.341792863645 -4.613576427242436E-002 -4.602360876016274E-002 1 -6.539586618876368E-002 -6.534550667720868E-002 2 -1.684675103259003E-002 -1.681839529202355E-002 3 -2.624803116225301E-002 -2.619020749641772E-002 4 -3.303867641550837E-002 -3.292785276307057E-002 5 -5.447826443035969E-002 -5.455319232248542E-002 6 -2.104113479442122E-002 -2.095886358901403E-002 7 -4.434310111985629E-002 -4.434396236192093E-002
4.112130 -514.341772373962 -3.724777548846984E-002 -3.710193039125484E-002 1 -6.779517951985052E-002 -6.781508605756721E-002 2 -1.983288174965976E-002 -1.980878849268788E-002 3 -2.756454018244649E-002 -2.751394975411704E-002 4 -3.275694156529055E-002 -3.266882084109589E-002 5 -5.859359610250739E-002 -5.865003085240184E-002 6 -1.934526490168647E-002 -1.927916746567136E-002 7 -4.278446619397843E-002 -4.276437804060526E-002
4.354020 -514.341753743510 -2.688833046015626E-002 -2.703895774679629E-002 1 -6.160293182752760E-002 -6.161679460227882E-002 2 -1.499793805705810E-002 -1.502632161404443E-002 3 -2.079025164003059E-002 -2.079359632858344E-002 4 -2.455780921906728E-002 -2.453469672169438E-002 5 -5.375760679580394E-002 -5.382899606052704E-002 6 -9.811176255490323E-003 -9.819152487561289E-003 7 -3.220951048973970E-002 -3.223867954705847E-002
4.595910 -514.341746279589 -2.165039882919623E-002 -2.160255388402693E-002 1 -4.883423717443840E-002 -4.879310784842591E-002 2 -4.496057754010506E-003 -4.479175316448145E-003 3 -8.264853610322396E-003 -8.233756808056937E-003 4 -1.070504323504308E-002 -1.065310180145542E-002 5 -4.097894472421117E-002 -4.098007513529388E-002 6 5.217835864679997E-003 5.252397975681485E-003 7 -1.532397934403541E-002 -1.529364742756022E-002
4.837800 -514.341744676535 1.711164569779785E-003 1.745578044966315E-003 1 -3.093544996353876E-002 -3.101712165917406E-002 2 9.903414344500603E-003 9.866283663834357E-003 3 8.267040674421676E-003 8.238340769993455E-003 4 7.126123531699407E-003 7.100363639144295E-003 5 -2.225056430217866E-002 -2.231560251768870E-002 6 2.379492167825330E-002 2.379183136331994E-002 7 5.921303595999293E-003 5.879589108836048E-003
5.079690 -514.341755271932 2.381879328065801E-002 2.382516898221988E-002 1 -1.236258890659096E-002 -1.232264878897582E-002 2 2.380631517696192E-002 2.382082300651892E-002 3 2.433549042095045E-002 2.434613720613796E-002 4 2.447902990681844E-002 2.448834539514545E-002 5 -2.202651858601456E-003 -2.185202434570494E-003 6 4.123822615995761E-002 4.126772275461672E-002 7 2.657856928777786E-002 2.660553522005038E-002
5.321580 -514.341770185255 3.565640379625482E-002 3.559501687724147E-002 1 1.721514137523825E-003 1.650756056272364E-003 2 3.283996365764691E-002 3.277300108780588E-002 3 3.527000063164931E-002 3.520950514642228E-002 4 3.659257316111796E-002 3.653591173535767E-002 5 1.393883765802836E-002 1.386297032262885E-002 6 5.299764573629700E-002 5.295142099754974E-002 7 4.151493980952240E-002 4.145117665172302E-002
5.563470 -514.341789967377 4.037920027148800E-002 4.034987190426776E-002 1 8.821822329356160E-003 8.779759247413445E-003 2 3.508699111459778E-002 3.505413886398411E-002 3 3.906632423877322E-002 3.903644514538849E-002 4 4.143987622796314E-002 4.141524485275536E-002 5 2.356234867994452E-002 2.351468448488029E-002 6 5.725519415869701E-002 5.724734054920610E-002 7 4.848913169533547E-002 4.847367911041383E-002
5.805360 -514.341807110952 3.825841210759014E-002 3.818538228207493E-002 1 8.806129047197660E-003 8.737942602001839E-003 2 3.075595661176773E-002 3.067686611830894E-002 3 3.594049131297329E-002 3.586312910118693E-002 4 3.924557437836790E-002 3.917782219500981E-002 5 2.654170375339945E-002 2.644021229419043E-002 6 5.439293756974336E-002 5.434454396302983E-002 7 4.764406331372701E-002 4.759063591166483E-002
6.047250 -514.341818884546 3.081366864728730E-002 3.070756622493021E-002 1 3.036045424505169E-003 2.908592780083381E-003 2 2.132005441447716E-002 2.120722315015634E-002 3 2.742203671119217E-002 2.731203000355518E-002 4 3.157550447423191E-002 3.147364423507120E-002 5 2.433659461900093E-002 2.419436712437656E-002 6 4.603433420224724E-002 4.594785086606377E-002 7 4.051304495791464E-002 4.042048522568962E-002
6.289140 -514.341825143240 1.990293178137363E-002 1.979421769633765E-002 1 -6.613840411125925E-003 -6.733530771361898E-003 2 8.619325918064729E-003 8.519220636960775E-003 3 1.542793345728775E-002 1.532364294516505E-002 4 2.039692097376337E-002 2.028799284128891E-002 5 1.894830330822267E-002 1.879558029814629E-002 6 3.410550171501198E-002 3.403959164911170E-002 7 2.904042040981688E-002 2.896686510270043E-002
6.531030 -514.341824844080 6.347757981522009E-003 6.204361253287429E-003 1 -1.835094754200358E-002 -1.850937907282463E-002 2 -5.649119739342521E-003 -5.791295693023378E-003 3 1.724867717995991E-003 1.591598793802573E-003 4 7.530966099380818E-003 7.406196422001059E-003 5 1.215186862181765E-002 1.198464531866887E-002 6 2.038755781917983E-002 2.026982141962324E-002 7 1.507463811046489E-002 1.495564246823487E-002
6.772920 -514.341820537777 -6.536944509413693E-003 -6.638960741958677E-003 1 -3.082683084235596E-002 -3.094351171472746E-002 2 -2.013152892141811E-002 -2.024659225769844E-002 3 -1.230727049061233E-002 -1.241845523049320E-002 4 -5.622298318008265E-003 -5.745554307281188E-003 5 4.948571860217290E-003 4.840083558171755E-003 6 6.473789588244037E-003 6.355035037263154E-003 7 1.601881289270487E-004 4.679533737546246E-005
7.014810 -514.341812986008 -1.724558441708237E-002 -1.735529923205738E-002 1 -4.277131551756474E-002 -4.287670635474146E-002 2 -3.390675073920386E-002 -3.400953910901586E-002 3 -2.566559095689628E-002 -2.577170658290097E-002 4 -1.788544482143756E-002 -1.800984792190054E-002 5 -1.928901431356467E-003 -2.015134741617734E-003 6 -6.658320640040244E-003 -6.752280940399395E-003 7 -1.431029004149488E-002 -1.442472697077297E-002
7.256700 -514.341803883903 -2.734792208295594E-002 -2.744809404907074E-002 1 -5.356711685332762E-002 -5.364355619582296E-002 2 -4.631615658179560E-002 -4.639998755291038E-002 3 -3.767958731304047E-002 -3.776547621158105E-002 4 -2.857657588590478E-002 -2.868892304874688E-002 5 -8.135030395720973E-003 -8.199087491551581E-003 6 -1.855787121089175E-002 -1.862687550252411E-002 7 -2.741282152414155E-002 -2.751890394115807E-002
7.498590 -514.341792521899 -3.713051769413171E-002 -3.728152523478490E-002 1 -6.278099807561856E-002 -6.290852894921091E-002 2 -5.700027790824155E-002 -5.711075617210103E-002 3 -4.797183277390293E-002 -4.806503316627246E-002 4 -3.721934500562433E-002 -3.734643816475655E-002 5 -1.350016630681711E-002 -1.354722954767570E-002 6 -2.911740114402316E-002 -2.920301225440831E-002 7 -3.856537484563669E-002 -3.869379665089036E-002
7.740480 -514.341781976607 -4.344790533608767E-002 -4.354724454907209E-002 1 -7.036203225259688E-002 -7.041817605580840E-002 2 -6.579400774704627E-002 -6.585657458352273E-002 3 -5.641755950974171E-002 -5.647209003708569E-002 4 -4.362580771964422E-002 -4.374579935253372E-002 5 -1.829254335747317E-002 -1.826455330474059E-002 6 -3.818423465653313E-002 -3.824424401695307E-002 7 -4.767469530866075E-002 -4.775596672155388E-002
7.982370 -514.341770807826 -4.576438948130750E-002 -4.592069752230134E-002 1 -7.585915810720743E-002 -7.597086401580759E-002 2 -7.266105345443521E-002 -7.274323033143455E-002 3 -6.289962071124258E-002 -6.297278353450647E-002 4 -4.734427411024601E-002 -4.751164974308543E-002 5 -2.264924440593351E-002 -2.263068020006044E-002 6 -4.574615088270317E-002 -4.579776533743209E-002 7 -5.444785902507735E-002 -5.453393095002154E-002
8.224260 -514.341764136009 -4.776059028346787E-002 -4.785134726868442E-002 1 -7.941877608215389E-002 -7.939422641251551E-002 2 -7.759902374017270E-002 -7.759855695727690E-002 3 -6.746093827845719E-002 -6.745363758158406E-002 4 -4.843736539250140E-002 -4.854772384587500E-002 5 -2.692854681860721E-002 -2.681533053038046E-002 6 -5.178765345479301E-002 -5.179018346382102E-002 7 -5.911225428513936E-002 -5.912868660630491E-002
8.466150 -514.341757898485 -4.824200040120243E-002 -4.836213840071027E-002 1 -8.109097919960449E-002 -8.115840582192857E-002 2 -8.068562739782348E-002 -8.073003600445218E-002 3 -7.019467206444169E-002 -7.022567323506700E-002 4 -4.707313708995125E-002 -4.722905128476700E-002 5 -3.122993041294257E-002 -3.115099721049404E-002 6 -5.640566732575596E-002 -5.643086284128229E-002 7 -6.184119084789082E-002 -6.189781052214506E-002
8.708040 -514.341755920453 -4.743407971853181E-002 -4.749119989264643E-002 1 -8.097560387018371E-002 -8.102286509683618E-002 2 -8.203806333472564E-002 -8.208502165695014E-002 3 -7.123090223137894E-002 -7.125840185348797E-002 4 -4.378208933469981E-002 -4.388766837264742E-002 5 -3.532437042540570E-002 -3.526398602580121E-002 6 -5.971930128011674E-002 -5.974770177855877E-002 7 -6.283681603984105E-002 -6.286865117811749E-002
8.949930 -514.341755550597 -4.344152574248427E-002 -4.368123203025787E-002 1 -7.917246694102219E-002 -7.912822295936438E-002 2 -8.176599776623003E-002 -8.172104429996517E-002 3 -7.069148168368464E-002 -7.065444474107442E-002 4 -3.938407817530488E-002 -3.939414016594727E-002 5 -3.862185320803500E-002 -3.856300067696864E-002 6 -6.182335721369604E-002 -6.178128452095414E-002 7 -6.228543602247773E-002 -6.225882297396537E-002
9.191820 -514.341757016771 -4.068963778853586E-002 -4.067468309946095E-002 1 -7.656425032386932E-002 -7.660425125496886E-002 2 -8.045326383334284E-002 -8.048594043359338E-002 3 -6.931241130351412E-002 -6.933019434475918E-002 4 -3.483237131647355E-002 -3.485847700905417E-002 5 -4.123383919404475E-002 -4.126193319750143E-002 6 -6.304346434460971E-002 -6.306087747243073E-002 7 -6.130321847414074E-002 -6.133533431874770E-002
9.433710 -514.341761672528 -3.900636831586347E-002 -3.890128677898090E-002 1 -7.234998833728887E-002 -7.233788730823765E-002 2 -7.755899016404037E-002 -7.755535687484594E-002 3 -6.632210220884506E-002 -6.633939973894590E-002 4 -3.017594441452136E-002 -3.011309165961318E-002 5 -4.215809617641283E-002 -4.217335618613722E-002 6 -6.312873158728631E-002 -6.311756582485180E-002 7 -5.898545313258372E-002 -5.899325214462207E-002
9.675600 -514.341756971992 -2.939470210014137E-002 -2.995359370628334E-002 1 -6.642968649777205E-002 -6.647935317689260E-002 2 -7.295740688306862E-002 -7.299029494559681E-002 3 -6.106305188658625E-002 -6.128448236347731E-002 4 -2.622643198259051E-002 -2.602627500066671E-002 5 -4.100218467870725E-002 -4.103947941493297E-002 6 -6.195939954425668E-002 -6.197861261764661E-002 7 -5.523548182943688E-002 -5.526442950753176E-002
9.917490 -514.341757507074 -2.187701080555675E-002 -2.188865381808916E-002 1 -6.254427078675187E-002 -6.250982628217067E-002 2 -7.103960918305120E-002 -7.102236792981069E-002 3 -4.861050906724385E-002 -5.263301029666926E-002 4 -3.336289852176009E-002 -2.929734727965110E-002 5 -4.110365053368018E-002 -4.112566505828619E-002 6 -6.200126934954853E-002 -6.198239336658079E-002 7 -5.362639865871357E-002 -5.363315848979114E-002
10.159380 -514.341840645504 -2.318733093263354E-002 -2.108394079317036E-002 1 -5.704018962680381E-002 -5.712846309019564E-002 2 -6.712971403029025E-002 -6.721675926870503E-002 3 -2.662546196151428E-002 -2.349888652653455E-002 4 -4.779226731760922E-002 -5.103182259101321E-002 5 -3.958468558182889E-002 -3.965642581436505E-002 6 -6.051386726296129E-002 -6.059293528792539E-002 7 -5.058153290256138E-002 -5.065229662674969E-002
10.401270 -514.341846326661 -2.256670937797155E-002 -2.248112993787952E-002 1 -5.078853482554711E-002 -5.079209112679756E-002 2 -6.295223512934327E-002 -6.295412293835066E-002 3 -1.337236757240364E-002 -1.321979104170717E-002 4 -5.287358502881246E-002 -5.302901584100735E-002 5 -3.730420656352548E-002 -3.731658451795481E-002 6 -5.866240660582512E-002 -5.867968473390561E-002 7 -4.706504943342653E-002 -4.707717735293536E-002
10.643160 -514.341848477746 -1.663726289055393E-002 -1.658472138373195E-002 1 -4.216596349642125E-002 -4.205001028347242E-002 2 -5.607600397627274E-002 -5.598728277098575E-002 3 -7.304324676572386E-003 -7.229870331449451E-003 4 -4.762657011772393E-002 -4.757422849500691E-002 5 -3.271502420900325E-002 -3.267161675420031E-002 6 -5.481057150988925E-002 -5.475592163417668E-002 7 -4.136505551924587E-002 -4.131987148339986E-002
10.885050 -514.341846490586 -9.236842359640439E-003 -9.295990703270279E-003 1 -3.197884365365691E-002 -3.206007257811326E-002 2 -4.755661457202961E-002 -4.761717914984501E-002 3 -1.316448791063198E-003 -1.373473047190510E-003 4 -4.030578041807693E-002 -4.035474272651934E-002 5 -2.665218077133672E-002 -2.669057155067856E-002 6 -4.959278016766262E-002 -4.965822822454492E-002 7 -3.430291642524606E-002 -3.434625435074449E-002
11.126940 -514.341844692539 -4.860256986258209E-004 -5.400639630582238E-004 1 -2.050640135478070E-002 -2.055789925688129E-002 2 -3.762380298950272E-002 -3.768282773987498E-002 3 4.952027939530482E-003 4.897618981776439E-003 4 -3.161896654543377E-002 -3.167558955760166E-002 5 -1.939132761246915E-002 -1.942770311691313E-002 6 -4.312660139303749E-002 -4.319652646566506E-002 7 -2.609478032211623E-002 -2.614223524163762E-002
11.368830 -514.341846085821 8.958324248918830E-003 8.996327710578976E-003 1 -8.249485532441923E-003 -8.164043385077251E-003 2 -2.671143750734651E-002 -2.664171194739080E-002 3 1.134567696403689E-002 1.138580176530719E-002 4 -2.205385053907620E-002 -2.201529767104129E-002 5 -1.136779834938858E-002 -1.131905984895761E-002 6 -3.567506799041740E-002 -3.562603500830228E-002 7 -1.714493318542938E-002 -1.709854068285976E-002
11.610720 -514.341846234890 1.806625827652969E-002 1.805775740443454E-002 1 4.070113993999160E-003 4.108055446240064E-003 2 -1.549213280788489E-002 -1.549289752291336E-002 3 1.757474565305463E-002 1.757699461356555E-002 4 -1.226287995555098E-002 -1.226005906165099E-002 5 -3.199476063476774E-003 -3.196205729525372E-003 6 -2.768536680931760E-002 -2.769648112545017E-002 7 -8.063422446891715E-003 -8.065306150531385E-003
11.852610 -514.341845102261 2.572303498220026E-002 2.566728496426210E-002 1 1.566513761908558E-002 1.561774236257319E-002 2 -4.746454251277086E-003 -4.767863068140793E-003 3 2.332678055333334E-002 2.328954724510567E-002 4 -2.968676411342218E-003 -2.986602409155971E-003 5 4.435494300490746E-003 4.409566965034709E-003 6 -1.971124029818652E-002 -1.973393936071120E-002 7 4.545562105857895E-004 4.139041354210510E-004
12.094500 -514.341846397425 3.105087427024231E-002 3.105914244281279E-002 1 2.587154432093507E-002 2.595755662204842E-002 2 4.826253804811666E-003 4.868881343771273E-003 3 2.834338476265476E-002 2.838243200161157E-002 4 5.199366219908863E-003 5.218823912743058E-003 5 1.095348452271052E-002 1.097654172877572E-002 6 -1.227737154346489E-002 -1.224975581902384E-002 7 7.796396152634432E-003 7.836771057151259E-003
12.336390 -514.341846027413 3.369582389805655E-002 3.364875815716085E-002 1 3.428562935824839E-002 3.425913234002848E-002 2 1.275815186811936E-002 1.274910843482476E-002 3 3.247924030604871E-002 3.246325247244018E-002 4 1.182709902094851E-002 1.181681478706789E-002 5 1.597771337519614E-002 1.596858316338410E-002 6 -5.761171126553188E-003 -5.774586028410397E-003 7 1.356232475545756E-002 1.354513714598591E-002
12.578280 -514.341847262436 3.389124040161495E-002 3.388413584075151E-002 1 4.077759669261942E-002 4.083085915717389E-002 2 1.884998754375388E-002 1.889262390917085E-002 3 3.569088092918666E-002 3.571035485670698E-002 4 1.675649255552913E-002 1.678794913798718E-002 5 1.936057720609184E-002 1.940172425273341E-002 6 -3.499795166682476E-004 -3.290046924594810E-004 7 1.759110879416097E-002 1.763307818458036E-002
12.820170 -514.341847174170 3.235795444760548E-002 3.231028640876054E-002 1 4.542382729560800E-002 4.541180448121683E-002 2 2.312172497417532E-002 2.309840160260260E-002 3 3.800528931247108E-002 3.797840898664760E-002 4 2.003024286732922E-002 2.000714215993240E-002 5 2.114077359371951E-002 2.113439041453773E-002 6 3.927245383142187E-003 3.889474561565129E-003 7 1.992429756102400E-002 1.991049728176468E-002
13.062060 -514.341847973703 3.011063998165635E-002 3.008496079601226E-002 1 4.841934359382801E-002 4.839999267836301E-002 2 2.573602057971182E-002 2.574759258358968E-002 3 3.947746681983977E-002 3.946323031846740E-002 4 2.182036344345824E-002 2.181963109242173E-002 5 2.147777794236174E-002 2.147541990646617E-002 6 7.148072530510140E-003 7.139335414166190E-003 7 2.073918331808625E-002 2.074095827007822E-002
13.303950 -514.341849099381 2.816650139064033E-002 2.814855547120471E-002 1 4.998152923463405E-002 4.999036077887990E-002 2 2.690484620739715E-002 2.689042286716212E-002 3 4.015245046214507E-002 4.014242218716424E-002 4 2.233472375192929E-002 2.230998630898979E-002 5 2.058577642328153E-002 2.058871490744004E-002 6 9.431763373848479E-003 9.400317166772226E-003 7 2.026196588041112E-002 2.025493630386159E-002
13.545840 -514.341850729663 2.725424221396660E-002 2.724931430105138E-002 1 5.030839794866911E-002 5.031354172255476E-002 2 2.684948618905905E-002 2.684192035819577E-002 3 4.007165075775884E-002 4.007107705228235E-002 4 2.178084113721222E-002 2.176441182364462E-002 5 1.868782810909469E-002 1.867944032777461E-002 6 1.089846112576432E-002 1.088101704929985E-002 7 1.873309511134565E-002 1.871457787884049E-002
13.787730 -514.341852719732 2.761055447831028E-002 2.761485166048924E-002 1 4.955684888767375E-002 4.960670135806246E-002 2 2.575950633550204E-002 2.579768912388474E-002 3 3.926267272684088E-002 3.926161149620564E-002 4 2.033458901329379E-002 2.034645779281920E-002 5 1.598615952450822E-002 1.602146427920261E-002 6 1.164699338341784E-002 1.165389730633664E-002 7 1.636391274886859E-002 1.638137980046912E-002
14.029620 -514.341852535224 2.898790713773248E-002 2.893589034447611E-002 1 4.784134423757518E-002 4.774632593180218E-002 2 2.378213097782194E-002 2.370766354285837E-002 3 3.774943681006426E-002 3.769391156313721E-002 4 1.812771355701630E-002 1.805000645355778E-002 5 1.264484444484864E-002 1.260244598715237E-002 6 1.176936371380046E-002 1.168472332528960E-002 7 1.330778403401761E-002 1.324356291194038E-002
14.271510 -514.341854976009 3.070016592794816E-002 3.071569010424512E-002 1 4.523152371078430E-002 4.529184556878502E-002 2 2.101135769087215E-002 2.103541691641680E-002 3 3.556609854626643E-002 3.557399758424955E-002 4 1.523827190045701E-002 1.523236827650112E-002 5 8.766644252316921E-003 8.781463101013456E-003 6 1.132520680045176E-002 1.132848073403218E-002 7 9.657921000614593E-003 9.660243820162258E-003
14.513400 -514.341856317117 3.178152395321662E-002 3.177078358875469E-002 1 4.177576508319725E-002 4.176029824109762E-002 2 1.749049209461858E-002 1.748155919835049E-002 3 3.277433176591693E-002 3.275602825821230E-002 4 1.169790373483262E-002 1.165985439706360E-002 5 4.390592072464644E-003 4.383782338977418E-003 6 1.034885298780396E-002 1.032060067053365E-002 7 5.447470036587666E-003 5.430268969034034E-003
14.755290 -514.341857605137 3.121285357475895E-002 3.120428145241148E-002 1 3.751667309313659E-002 3.754361499462790E-002 2 1.322998701741774E-002 1.327175634384417E-002 3 2.947561488899265E-002 2.945307688138484E-002 4 7.507883347404848E-003 7.523479709373209E-003 5 -4.911121554456529E-004 -4.583375958910186E-004 6 8.868918618862149E-003 8.872106325421781E-003 7 6.625720002770860E-004 6.794439526611331E-004
14.997180 -514.341858208285 2.812382418734960E-002 2.810461920816265E-002 1 3.249713780521751E-002 3.249793013609999E-002 2 8.222387934778577E-003 8.229311860616838E-003 3 2.580059677164495E-002 2.578094163249618E-002 4 2.656108211676452E-003 2.630742578650110E-003 5 -5.917401223589975E-003 -5.921748084394037E-003 6 6.890833138050191E-003 6.877139425086237E-003 7 -4.717714829198348E-003 -4.727329096858880E-003
15.239070 -514.341857702203 2.214758149028297E-002 2.211082012994635E-002 1 2.678732582064785E-002 2.674376540531915E-002 2 2.485450548281182E-003 2.445671659604500E-003 3 2.190645185281632E-002 2.187484644912109E-002 4 -2.842508514928749E-003 -2.890382150086286E-003 5 -1.191474181636780E-002 -1.193731369254034E-002 6 4.422162685742210E-003 4.376999284102280E-003 7 -1.068917722484982E-002 -1.071978889587093E-002
15.480960 -514.341857673040 1.361880111747549E-002 1.360432610411235E-002 1 2.049527684429442E-002 2.053588944678876E-002 2 -3.904087791357840E-003 -3.892754987764382E-003 3 1.795421880559738E-002 1.793962871739822E-002 4 -8.907072933327907E-003 -8.918861458527787E-003 5 -1.846759896887991E-002 -1.845803943800328E-002 6 1.489587449966500E-003 1.495163832257468E-003 7 -1.718804553896865E-002 -1.718585298689783E-002
15.722850 -514.341856802856 3.736173971441888E-003 3.714183832297412E-003 1 1.378462874820698E-002 1.378053886807657E-002 2 -1.077674450189591E-002 -1.079193491257473E-002 3 1.408333756665481E-002 1.406119398087774E-002 4 -1.537912688564832E-002 -1.542274422741792E-002 5 -2.547179067686265E-002 -2.549788971953533E-002 6 -1.840652899387304E-003 -1.853862201483836E-003 7 -2.406742915571694E-002 -2.409205004198551E-002
15.964740 -514.341855740805 -5.582555721694714E-003 -5.598432326500581E-003 1 6.892860616830125E-003 6.854114474107991E-003 2 -1.783509074428939E-002 -1.784757834469299E-002 3 1.039451726056249E-002 1.037295952282049E-002 4 -2.198495620481863E-002 -2.200238181606368E-002 5 -3.269527527216818E-002 -3.271205275724462E-002 6 -5.426569540674182E-003 -5.442642689136595E-003 7 -3.106624296618603E-002 -3.108750212111827E-002
16.206630 -514.341854224058 -1.232779709101302E-002 -1.234837036297877E-002 1 1.177099467987489E-004 1.466271533111492E-004 2 -2.465809116573099E-002 -2.467829576607746E-002 3 6.918921500950553E-003 6.903064446762543E-003 4 -2.832770476067193E-002 -2.837164454314586E-002 5 -3.978551114671411E-002 -3.981021791411928E-002 6 -9.038847392365110E-003 -9.040746433766192E-003 7 -3.781065620808249E-002 -3.783406228947088E-002
16.448520 -514.341852801808 -1.517865384150839E-002 -1.519699411595308E-002 1 -6.177732008299740E-003 -6.182315150586901E-003 2 -3.071139103320841E-002 -3.068698195540734E-002 3 3.624079525313280E-003 3.605233123180017E-003 4 -3.395597361880885E-002 -3.395029617550317E-002 5 -4.628039360725648E-002 -4.625554559950377E-002 6 -1.236173206714592E-002 -1.235696824960857E-002 7 -4.384181151866860E-002 -4.382452136489880E-002
16.690410 -514.341850261511 -1.179172162770182E-002 -1.185946659092752E-002 1 -1.163191036504481E-002 -1.163342957140167E-002 2 -3.546526577123411E-002 -3.550188003512260E-002 3 4.252038878990879E-004 4.020296256316415E-004 4 -3.842938675742522E-002 -3.846914930206771E-002 5 -5.170385180953338E-002 -5.174193943730471E-002 6 -1.504581788648245E-002 -1.506206416206903E-002 7 -4.870744695610543E-002 -4.874391248523191E-002
16.932300 -514.341850384648 -1.222455178190305E-002 -1.226979274016386E-002 1 -1.598507401250033E-002 -1.600019394980611E-002 2 -3.853429842972614E-002 -3.853680063386023E-002 3 -2.747733292741929E-003 -2.743078941143199E-003 4 -4.143815840352506E-002 -4.143850545413600E-002 5 -5.571648515006931E-002 -5.570481345488267E-002 6 -1.679551756250589E-002 -1.680529971709862E-002 7 -5.211091761254381E-002 -5.211238948094370E-002
17.174190 -514.341848692976 -7.987553341988491E-003 -8.020217631137231E-003 1 -2.012568548930041E-002 -2.012537335042214E-002 2 -4.127343691988919E-002 -4.132827863052023E-002 3 -5.983388082095150E-003 -6.001220167831034E-003 4 -4.409819451139142E-002 -4.415085316688432E-002 5 -5.933888286186489E-002 -5.939349136072589E-002 6 -1.850949457906590E-002 -1.853016506166217E-002 7 -5.506359312663862E-002 -5.510715075676925E-002
17.416080 -514.341847489857 -9.642311478020665E-003 -9.664441166628618E-003 1 -2.455973305323523E-002 -2.456646524004283E-002 2 -4.446970540287826E-002 -4.446840240548984E-002 3 -9.071288270185471E-003 -9.064617061212556E-003 4 -4.708857612118860E-002 -4.708938069509402E-002 5 -6.328873156326052E-002 -6.329557828282463E-002 6 -2.071751204516741E-002 -2.072532113052055E-002 7 -5.827727753690266E-002 -5.828084708800551E-002
17.657970 -514.341846775776 -1.638175412876880E-002 -1.637708916136670E-002 1 -2.945253174144391E-002 -2.945059108933685E-002 2 -4.847528853816541E-002 -4.848617793123280E-002 3 -1.185259027481181E-002 -1.186809299055922E-002 4 -5.073181923976083E-002 -5.073280974790587E-002 5 -6.767017372112824E-002 -6.766322028898444E-002 6 -2.375620941197930E-002 -2.376030054130631E-002 7 -6.207423710057177E-002 -6.207212262762126E-002
17.899860 -514.341846156617 -2.726093885808587E-002 -2.724295045559283E-002 1 -3.487101867396391E-002 -3.488889755618880E-002 2 -5.318033313324420E-002 -5.324322775474336E-002 3 -1.418697499976522E-002 -1.419288642708563E-002 4 -5.487325847008603E-002 -5.493687091872038E-002 5 -7.266732319427363E-002 -7.274906343599176E-002 6 -2.753077566078356E-002 -2.755272586533408E-002 7 -6.642394366700601E-002 -6.647947496356868E-002
18.141750 -514.341844730189 -3.586046897461194E-002 -3.584027491095192E-002 1 -4.054359358315352E-002 -4.054713740537997E-002 2 -5.813137375656207E-002 -5.816214480864429E-002 3 -1.600383486444867E-002 -1.601634968899945E-002 4 -5.911863796154688E-002 -5.914696973870676E-002 5 -7.783655302867036E-002 -7.789980720168409E-002 6 -3.184843125712833E-002 -3.183723596641285E-002 7 -7.096269990045440E-002 -7.098195575142799E-002
18.383640 -514.341828390274 -3.824106067012922E-002 -3.858171696072728E-002 1 -4.593474234736190E-002 -4.593529599481925E-002 2 -6.255738648280414E-002 -6.255313062080814E-002 3 -1.733498875876490E-002 -1.732292565845716E-002 4 -6.282242521261909E-002 -6.281674093820716E-002 5 -8.182380707050854E-002 -8.211621143517996E-002 6 -3.686265269902354E-002 -3.656621253716320E-002 7 -7.504235071900860E-002 -7.503547854788509E-002
18.625530 -514.341788390687 -3.194126749537330E-002 -3.304879157347961E-002 1 -4.685032664918710E-002 -4.686273062380733E-002 2 -6.013283250977990E-002 -6.012463366851295E-002 3 -1.877666599323527E-002 -1.875195275395904E-002 4 -6.100862782830250E-002 -6.099591767636640E-002 5 -6.480457746136949E-002 -7.081686633917515E-002 6 -5.274282477564961E-002 -4.671783678012502E-002 7 -4.641461800773739E-002 -6.256532656826731E-002
18.867420 -514.341787787158 -3.048914146936873E-002 -3.048790039291594E-002 1 -4.757345031730530E-002 -4.754513022092498E-002 2 -5.758888892185610E-002 -5.757628258299174E-002 3 -1.999471702278921E-002 -1.998815026409055E-002 4 -5.903331444403766E-002 -5.902384522869413E-002 5 -4.160682099274447E-002 -3.838437635741020E-002 6 -7.458941264896972E-002 -7.777900144679273E-002 7 -1.892859129832510E-002 -1.889782600519289E-002
19.109310 -514.341785797898 -3.065008264442500E-002 -3.067938217403134E-002 1 -4.863899667768028E-002 -4.862802463224097E-002 2 -5.578622803579140E-002 -5.578788482516242E-002 3 -2.089338234337116E-002 -2.090964723057897E-002 4 -5.759635826798593E-002 -5.760302386175415E-002 5 -3.422486620856037E-002 -3.411677879073772E-002 6 -8.163561340530733E-002 -8.176541185386157E-002 7 -1.916518071967902E-002 -1.916183228983373E-002
19.351200 -514.341783544380 -2.969090768700251E-002 -2.972857467782907E-002 1 -5.017515262486980E-002 -5.023592596666860E-002 2 -5.490541148607340E-002 -5.499228900755361E-002 3 -2.143158953806177E-002 -2.145821001461705E-002 4 -5.685684012733237E-002 -5.692832763306587E-002 5 -3.419840953121647E-002 -3.425029964675188E-002 6 -8.259528083761383E-002 -8.269462730733866E-002 7 -1.990253404864731E-002 -1.995937998844326E-002
19.593090 -514.341783170219 -2.754902571093304E-002 -2.753318048264918E-002 1 -5.200772442142965E-002 -5.199462404550314E-002 2 -5.468456503007577E-002 -5.466236650149324E-002 3 -2.160344485944527E-002 -2.158359301149401E-002 4 -5.661022503675639E-002 -5.659189483752725E-002 5 -3.518185530771044E-002 -3.516488335685069E-002 6 -8.338200823804064E-002 -8.336733693670351E-002 7 -2.101863410027771E-002 -2.100812505451945E-002
19.834980 -514.341781475261 -2.518558278441880E-002 -2.521528248148975E-002 1 -5.372243588518180E-002 -5.370974001035798E-002 2 -5.444524832180559E-002 -5.444695555047532E-002 3 -2.141474924060669E-002 -2.143354183138984E-002 4 -5.632395367286548E-002 -5.633253828825188E-002 5 -3.635601873669177E-002 -3.636168035585335E-002 6 -8.379418068893105E-002 -8.381747041674122E-002 7 -2.220722030193185E-002 -2.219393426738748E-002
20.076870 -514.341780812622 -2.386063186314865E-002 -2.385927449619730E-002 1 -5.480899113785707E-002 -5.479816193061158E-002 2 -5.331717446968041E-002 -5.328949957915797E-002 3 -2.088402155579292E-002 -2.086715837892318E-002 4 -5.532354189187261E-002 -5.529396339267979E-002 5 -3.699343190515914E-002 -3.697710829820198E-002 6 -8.333372465944866E-002 -8.327763875555017E-002 7 -2.304498438767601E-002 -2.306228990279266E-002
20.318760 -514.341779013830 -2.404518757944987E-002 -2.408135257062229E-002 1 -5.481214300188172E-002 -5.488089943321381E-002 2 -5.046697190388309E-002 -5.053681302568218E-002 3 -2.002604946019433E-002 -2.005492874898800E-002 4 -5.296566733152513E-002 -5.304249719571327E-002 5 -3.642524891196526E-002 -3.648674625165240E-002 6 -8.158347540725212E-002 -8.168496615425130E-002 7 -2.309551511827140E-002 -2.312658685893269E-002
20.560650 -514.341779659991 -2.575215177614987E-002 -2.552140173787526E-002 1 -5.335532571929163E-002 -5.329752566268816E-002 2 -4.518778272876411E-002 -4.509653146903222E-002 3 -1.882662111102985E-002 -1.879664644933323E-002 4 -4.869578721132915E-002 -4.861404690286927E-002 5 -3.409766143932676E-002 -3.403722743145009E-002 6 -7.822058047209034E-002 -7.811463616604269E-002 7 -2.195571508092837E-002 -2.193426881964292E-002
20.802540 -514.341778879477 -2.351842960892223E-002 -2.351608043659768E-002 1 -4.947401488737039E-002 -4.951625549643188E-002 2 -3.569895412526683E-002 -3.578791267433887E-002 3 -1.660808352920396E-002 -1.667165536139675E-002 4 -4.113294194954003E-002 -4.122220173139027E-002 5 -2.892447742791153E-002 -2.898152544276392E-002 6 -7.212428686476424E-002 -7.223279832524487E-002 7 -1.893209992471171E-002 -1.896866843055370E-002
21.044430 -514.341779952446 -1.659837048033403E-002 -1.653306373514009E-002 1 -4.322599446600012E-002 -4.323327961575268E-002 2 -2.225584191731965E-002 -2.224430291461719E-002 3 -1.382320380775089E-002 -1.380470790647777E-002 4 -3.047998459324707E-002 -3.047978614564697E-002 5 -2.092760322269450E-002 -2.092572533225599E-002 6 -6.337181980662844E-002 -6.334488612142658E-002 7 -1.388567095297168E-002 -1.389357026107815E-002
21.286320 -514.341778751486 -7.050983422551417E-003 -7.085551430868007E-003 1 -3.470400510003484E-002 -3.470727331995863E-002 2 -5.409244172932347E-003 -5.434361129733112E-003 3 -1.055218025385098E-002 -1.058438040255549E-002 4 -1.711949040847070E-002 -1.715692602558458E-002 5 -1.051982897824858E-002 -1.052269129551734E-002 6 -5.196192127125030E-002 -5.200310197423021E-002 7 -7.046818889238759E-003 -7.034601131219975E-003
21.528210 -514.341778635820 1.866798094797331E-003 1.869662444677799E-003 1 -2.468268276755795E-002 -2.460922413545252E-002 2 1.314850700398559E-002 1.329138226484605E-002 3 -6.954063436539945E-003 -6.897777915190910E-003 4 -2.333514083997633E-003 -2.212381941075950E-003 5 1.059951772323000E-003 1.126272463540530E-003 6 -3.868741722100327E-002 -3.855774109150517E-002 7 7.270991025649522E-004 7.656601847752577E-004
21.770100 -514.341776519632 6.659098660197808E-003 6.565862884167763E-003 1 -1.456062022040802E-002 -1.459172753722891E-002 2 3.109023964570436E-002 3.108535501522188E-002 3 -3.191023343148243E-003 -3.186092579156018E-003 4 1.205827465581023E-002 1.203753223551968E-002 5 1.208875103144124E-002 1.207788497052162E-002 6 -2.514343801626836E-002 -2.514596406139873E-002 7 8.156354838660082E-003 8.149035950662197E-003
22.011990 -514.341773678384 5.943673188992122E-003 5.802322746320483E-003 1 -5.814205540745600E-003 -5.844567738710551E-003 2 4.651104619269218E-002 4.641250095324222E-002 3 6.569396023703596E-004 5.853283444595331E-004 4 2.454607902824998E-002 2.444433919400413E-002 5 2.108717988092584E-002 2.102824187111929E-002 6 -1.309732471368268E-002 -1.318731915428647E-002 7 1.406036963078182E-002 1.402402675234357E-002
22.253880 -514.341774286868 1.790911570948638E-003 1.798555810616165E-003 1 6.477763201773863E-004 6.282766016000853E-004 2 5.869071793515943E-002 5.868531823633948E-002 3 4.594092098620246E-003 4.594986599097187E-003 4 3.459392072727439E-002 3.457805947928363E-002 5 2.739420849748569E-002 2.737572499003943E-002 6 -3.659236178678800E-003 -3.663994905864331E-003 7 1.781959947437821E-002 1.782211291979055E-002
22.495770 -514.341775935171 -1.060594016574587E-003 -1.001396994481813E-003 1 4.741320977337183E-003 4.745505945571056E-003 2 6.791699458984873E-002 6.795755074946656E-002 3 8.604630037561532E-003 8.593320766893798E-003 4 4.253435109505223E-002 4.255671282402146E-002 5 3.115912000004703E-002 3.117851498704799E-002 6 3.079562358072842E-003 3.124798800772930E-003 7 1.942998921537925E-002 1.942615511733961E-002
22.737660 -514.341776561025 1.208907584423768E-003 1.217381625875240E-003 1 7.135816613444225E-003 7.139823978211434E-003 2 7.490577361192144E-002 7.487927857057262E-002 3 1.250928087563975E-002 1.249236678938597E-002 4 4.908540355445530E-002 4.906420072041661E-002 5 3.305338890622835E-002 3.303964137729475E-002 6 7.932892449483956E-003 7.901446537935499E-003 7 1.935198761638482E-002 1.936402108591126E-002
22.979550 -514.341776287366 7.815692170300002E-003 7.767352389262937E-003 1 9.056108741623676E-003 9.066372168690577E-003 2 8.069913622262673E-002 8.067893914398254E-002 3 1.592364005657536E-002 1.593367362781391E-002 4 5.508843146557101E-002 5.505720839193976E-002 5 3.416750181933322E-002 3.416497127256506E-002 6 1.233178095684384E-002 1.232662233945253E-002 7 1.847053091951412E-002 1.849286346883530E-002
23.221440 -514.341776147694 1.544200108344372E-002 1.539421471081846E-002 1 1.195769580481879E-002 1.195241404601806E-002 2 8.693242002765722E-002 8.693774828916356E-002 3 1.852084489986487E-002 1.851039494751214E-002 4 6.163290308284536E-002 6.163004195687113E-002 5 3.595081238786716E-002 3.596035504688191E-002 6 1.790367756583056E-002 1.791451087978225E-002 7 1.801333796448811E-002 1.800297090250775E-002
23.463330 -514.341778751071 2.338936079596220E-002 2.349388634873192E-002 1 1.695320398542665E-002 1.702599212083359E-002 2 9.525829949822268E-002 9.537273696584808E-002 3 2.025452584020173E-002 2.028662661683032E-002 4 6.974822353271626E-002 6.986032706816826E-002 5 3.967491351773299E-002 3.974466847099072E-002 6 2.584330627132144E-002 2.596232266541638E-002 7 1.906129048528953E-002 1.911115418331302E-002
23.705220 -514.341781658974 3.245080208184151E-002 3.255583951522813E-002 1 2.416160937483197E-002 2.415499371045144E-002 2 0.105933246468491 0.105962696039484 3 2.121627885175363E-002 2.121971166377495E-002 4 7.943313021211118E-002 7.946955678984186E-002 5 4.559922924578406E-002 4.561794262653280E-002 6 3.617618919037863E-002 3.621769911459573E-002 7 2.187302564401592E-002 2.186177036594579E-002
23.947110 -514.341784856679 4.289970808880492E-002 4.303113826862214E-002 1 3.234958703038828E-002 3.241308630018470E-002 2 0.117036758773306 0.117081007569953 3 2.137348404969926E-002 2.138881637037959E-002 4 8.906709484871589E-002 8.912455247584167E-002 5 5.262386181313079E-002 5.268263282436456E-002 6 4.728669600036316E-002 4.734834337885300E-002 7 2.555784012749561E-002 2.563074148572287E-002
24.189000 -514.341786781320 5.269189088793763E-002 5.274794272127844E-002 1 3.971328288452559E-002 3.969845356918271E-002 2 0.126215156880956 0.126170999141840 3 2.088706049922113E-002 2.085873769621123E-002 4 9.668120845669448E-002 9.667173867961644E-002 5 5.893393720165379E-002 5.892861376814292E-002 6 5.700362178822596E-002 5.703024648942046E-002 7 2.879119055651727E-002 2.877119051694298E-002
24.430890 -514.341788792401 5.792004353510317E-002 5.797511960863221E-002 1 4.481304523391309E-002 4.480637693456004E-002 2 0.131757978483218 0.131735814941243 3 1.986373669455911E-002 1.987055185961302E-002 4 0.100852021654010 0.100882092523286 5 6.314170166089236E-002 6.316131593993773E-002 6 6.377119056840089E-002 6.379000371396455E-002 7 3.046913101896921E-002 3.047690176493635E-002
24.672780 -514.341789395862 5.705660807890169E-002 5.704609632893257E-002 1 4.721090303873410E-002 4.716965696977515E-002 2 0.133364938150757 0.133359954643625 3 1.844077784609416E-002 1.843541907933300E-002 4 0.101302430131446 0.101352958531456 5 6.477045031200324E-002 6.477734458827765E-002 6 6.733621253840989E-002 6.732353854026693E-002 7 3.026927640344094E-002 3.027335855306349E-002
24.914670 -514.341790012463 4.983517378923309E-002 4.983195334511230E-002 1 4.727374951342270E-002 4.735077866653503E-002 2 0.131691905608265 0.131802507604294 3 1.677424447970547E-002 1.680812952863001E-002 4 9.851558322672825E-002 9.867678252273114E-002 5 6.407248776762324E-002 6.418524848932611E-002 6 6.832376139021529E-002 6.845583039971127E-002 7 2.852228822847507E-002 2.857921780003010E-002
25.156560 -514.341787510201 3.654113038819733E-002 3.640886979629952E-002 1 4.562020131952010E-002 4.551509974234585E-002 2 0.127705857444165 0.127559555693098 3 1.507342619428531E-002 1.501383305277322E-002 4 9.324352916570981E-002 9.318367235354331E-002 5 6.160977442694211E-002 6.154233179304552E-002 6 6.756489650723062E-002 6.746744690417494E-002 7 2.580196762540048E-002 2.575504517195985E-002
25.398450 -514.341788005419 1.997077871179561E-002 1.997844130192066E-002 1 4.248908013287239E-002 4.250417985894690E-002 2 0.122302088389809 0.122415948478462 3 1.364476237706160E-002 1.365961796616252E-002 4 8.632477591695402E-002 8.649403113806699E-002 5 5.791913575662611E-002 5.801028637536004E-002 6 6.534438737691649E-002 6.547280135538387E-002 7 2.225744376364387E-002 2.229449415981109E-002
25.640340 -514.341778110271 2.368859559661822E-002 2.360816984424142E-002 1 3.836824702705544E-002 3.829284270378183E-002 2 0.116076053372132 0.115986036323813 3 1.259666694935395E-002 1.252280277720762E-002 4 7.832742716090429E-002 7.832118980900253E-002 5 5.351464159396909E-002 5.348529900178856E-002 6 6.222092839402468E-002 6.215861142030261E-002 7 1.835918766454612E-002 1.830373542236070E-002
25.882230 -514.341765678718 1.812426747828932E-002 1.736857808313530E-002 1 3.542815522704030E-002 3.538819987515494E-002 2 0.109852140323845 0.109862089581118 3 1.232534049125723E-002 1.227879748759535E-002 4 6.888870844639135E-002 6.894442711802876E-002 5 4.991594159237874E-002 4.991990168900789E-002 6 5.979829516527380E-002 5.980043454415657E-002 7 1.646793657672982E-002 1.643040312018972E-002
26.124120 -514.341740829049 1.908842479984515E-002 1.874217379434226E-002 1 3.013894867695785E-002 3.016964594189740E-002 2 0.102398229310017 0.102456869402809 3 1.238735313083335E-002 1.239076577228325E-002 4 5.885008784304262E-002 5.894312909668444E-002 5 4.450062475669622E-002 4.456014642209374E-002 6 5.588420524161292E-002 5.597073431704774E-002 7 1.380882269430860E-002 1.370638071137844E-002
26.366010 -514.341737363949 4.566720269779313E-002 4.557830517337086E-002 1 2.751648814097242E-002 2.748000411707546E-002 2 9.628776131658255E-002 9.623803989783920E-002 3 1.383876062051180E-002 1.381307739072717E-002 4 4.762140989538453E-002 4.761535197919570E-002 5 4.146389746796277E-002 4.143755996643499E-002 6 5.298350995499322E-002 5.297142273448380E-002 7 1.542106219145749E-002 1.505519083448265E-002
26.607900 -514.341734946447 4.264729073100199E-002 4.259089292987227E-002 1 2.407623942283465E-002 2.411958035021848E-002 2 8.931670935382900E-002 8.941409437828157E-002 3 1.593321166985107E-002 1.598404739984424E-002 4 3.488363100000248E-002 3.495421515831239E-002 5 3.772019562619502E-002 3.777175915771025E-002 6 4.919847512892338E-002 4.931109330665066E-002 7 2.032799622951910E-002 1.992052484865594E-002
26.849790 -514.341720019298 1.961090115796598E-002 1.909251288904423E-002 1 1.996988019093496E-002 1.995474731388675E-002 2 8.184632109286594E-002 8.180011273809551E-002 3 1.832889095072297E-002 1.834421707330081E-002 4 2.158853330128111E-002 2.151153416200086E-002 5 3.353527469814428E-002 3.349749357661975E-002 6 4.479654605798654E-002 4.476293707903294E-002 7 2.765238796689502E-002 2.798377506910564E-002
27.091680 -514.341722096486 1.312905141788994E-003 1.408899752042770E-003 1 1.491769028144551E-002 1.494956408647253E-002 2 7.462761445310197E-002 7.465613023672404E-002 3 2.078662156170704E-002 2.087547820750978E-002 4 9.895678716536967E-003 9.835514418554341E-003 5 2.926573922649110E-002 2.928108983126385E-002 6 4.038486898462745E-002 4.042580096111068E-002 7 3.321008139461786E-002 3.375649987625603E-002
27.333570 -514.341724781680 1.895537743788010E-003 2.000516757356631E-003 1 1.046242632654712E-002 1.047320863494497E-002 2 6.775587577826792E-002 6.775155533809350E-002 3 2.258886572125349E-002 2.268227991292356E-002 4 -7.064082699150922E-004 -7.965282546550962E-004 5 2.557588484604097E-002 2.555831585803645E-002 6 3.620210598860968E-002 3.622525154486887E-002 7 3.421161266848723E-002 3.445553645008258E-002
27.575460 -514.341727041788 3.303272579495566E-003 3.388180925184969E-003 1 6.468944305243339E-003 6.473821333370472E-003 2 6.117334545435286E-002 6.115747743141252E-002 3 2.350111442166853E-002 2.358688366502263E-002 4 -9.960917070808595E-003 -1.008015975034623E-002 5 2.231778029948547E-002 2.229757384880712E-002 6 3.221218851945231E-002 3.220658627880876E-002 7 3.239487070372179E-002 3.247123847816866E-002
27.817350 -514.341729320829 6.008834567626740E-003 6.094325634856112E-003 1 2.948847611347467E-003 2.947759782102138E-003 2 5.498043639293282E-002 5.497846495737720E-002 3 2.365505689240520E-002 2.374487635164807E-002 4 -1.741465940871529E-002 -1.750854074920097E-002 5 1.956811068496096E-002 1.955887264857626E-002 6 2.862292316886746E-002 2.863588548620882E-002 7 2.982300136783960E-002 2.986434521306684E-002
28.059240 -514.341731339773 1.058007317648175E-002 1.066185402724025E-002 1 1.185067652965568E-004 1.195173455104669E-004 2 4.945664463724367E-002 4.945579997741918E-002 3 2.342919810926796E-002 2.350834606923009E-002 4 -2.265786857255005E-002 -2.274645612744490E-002 5 1.763222011342108E-002 1.762549568882262E-002 6 2.575294034663077E-002 2.577944061222189E-002 7 2.769042997752661E-002 2.770682341549211E-002
28.301130 -514.341732245959 1.696495254298466E-002 1.701656319347534E-002 1 -1.790025568232245E-003 -1.783476861522981E-003 2 4.485256066846655E-002 4.484266151983504E-002 3 2.320924729932427E-002 2.326279772780241E-002 4 -2.556423359893033E-002 -2.566448469372520E-002 5 1.681667399051488E-002 1.680175448998654E-002 6 2.378558688213287E-002 2.378639436002267E-002 7 2.660578473507978E-002 2.660546338142302E-002
28.543020 -514.341731896115 2.350879745293808E-002 2.352196017076478E-002 1 -2.740320567473085E-003 -2.754529066742653E-003 2 4.119821499086872E-002 4.116039141724920E-002 3 2.317603953421824E-002 2.320131204010237E-002 4 -2.640244433461344E-002 -2.646348468297002E-002 5 1.717822225722697E-002 1.714459901644403E-002 6 2.259838020215711E-002 2.259113946675407E-002 7 2.664029819905772E-002 2.662953164422972E-002
28.784910 -514.341731908856 2.826870746719299E-002 2.828020473238865E-002 1 -2.966194236224086E-003 -2.949328810420614E-003 2 3.827882512683286E-002 3.827472286882098E-002 3 2.326393036069030E-002 2.330107705188895E-002 4 -2.572202159067004E-002 -2.576518355451440E-002 5 1.846939032295847E-002 1.847281257591115E-002 6 2.179983024439018E-002 2.181152926697249E-002 7 2.745233186302115E-002 2.747374689534800E-002
29.026800 -514.341730510120 3.093680921005644E-002 3.086044063667111E-002 1 -2.829204215493800E-003 -2.841834229292880E-003 2 3.577172626942283E-002 3.574748026899189E-002 3 2.327992674569652E-002 2.327973122030407E-002 4 -2.404218484058193E-002 -2.413183683076314E-002 5 2.030389162072642E-002 2.027477762631955E-002 6 2.095648984718561E-002 2.093216973271352E-002 7 2.858684084455598E-002 2.856671771739884E-002
29.268690 -514.341730405433 3.113023035159810E-002 3.110205185796457E-002 1 -2.667699383390730E-003 -2.668973429989733E-003 2 3.332891634312512E-002 3.332476924817439E-002 3 2.292396439121548E-002 2.294919435898778E-002 4 -2.160083759537815E-002 -2.163380241005814E-002 5 2.236872572365953E-002 2.236505277092488E-002 6 1.962473685990984E-002 1.965879370623337E-002 7 2.967238167491600E-002 2.967507067643522E-002
29.510580 -514.341732199687 2.735907305164773E-002 2.738489052229450E-002 1 -2.552407075012030E-003 -2.536268521214996E-003 2 3.095722175939211E-002 3.097504062775453E-002 3 2.242294521055126E-002 2.245929633391849E-002 4 -1.849713206702338E-002 -1.851862232824358E-002 5 2.440378058794918E-002 2.443994693770623E-002 6 1.807058045434783E-002 1.811551406970323E-002 7 3.073321037291324E-002 3.076811025573671E-002
29.752470 -514.341733018255 2.432585752571150E-002 2.432755454144408E-002 1 -2.578372030534609E-003 -2.583312167681431E-003 2 2.852799801184474E-002 2.851459925480749E-002 3 2.166702175425198E-002 2.167039394599327E-002 4 -1.441813753848479E-002 -1.454901564686790E-002 5 2.615076526277322E-002 2.623262717157354E-002 6 1.619875287629660E-002 1.618467848590488E-002 7 3.177775923210761E-002 3.174208198692925E-002
29.994360 -514.341723144640 2.234936603548793E-002 2.213531130860196E-002 1 -2.832148347037378E-003 -2.813794323457596E-003 2 2.597119185916579E-002 2.598710448513424E-002 3 2.064025878187078E-002 2.066253339885096E-002 4 -1.927736849006852E-003 -6.298077793752263E-003 5 1.988953315042751E-002 2.430230171063935E-002 6 1.405797843800224E-002 1.406373997055285E-002 7 3.276372063614318E-002 3.278407307545745E-002
30.236250 -514.341727912158 1.885328101875824E-002 1.895530293586426E-002 1 -3.619950481010807E-003 -3.584847919914212E-003 2 2.311372487133850E-002 2.313513434976856E-002 3 1.920514855727186E-002 1.922675826393565E-002 4 1.921570008312815E-002 2.450695118856622E-002 5 4.527898294770359E-003 -6.718642642286183E-004 6 1.145022347267905E-002 1.146659276165111E-002 7 3.327641176176057E-002 3.330535917523076E-002
30.478140 -514.341729962191 1.533503233086017E-002 1.534472335834042E-002 1 -4.830774278122351E-003 -4.802487521694402E-003 2 1.986226560826623E-002 1.987531724136601E-002 3 1.728832931818554E-002 1.729348248605013E-002 4 3.068058196770202E-002 3.080253770115257E-002 5 -2.096845829328941E-003 -2.143848539628683E-003 6 8.809239268118271E-003 8.774883034272242E-003 7 3.342272312772727E-002 3.346562324500836E-002
30.720030 -514.341732353918 1.120777111734081E-002 1.122470861648762E-002 1 -6.737774795063655E-003 -6.747027430340699E-003 2 1.602383374921162E-002 1.604234075907205E-002 3 1.469170527809547E-002 1.471109588411123E-002 4 3.111155201959935E-002 3.115525019031291E-002 5 3.046140190031792E-004 3.612121758790925E-004 6 6.000449920664356E-003 5.941600280798006E-003 7 3.257698071681616E-002 3.260569908022302E-002
30.961920 -514.341733362837 5.280270359366752E-003 5.259905229864800E-003 1 -9.304461276321752E-003 -9.269042073894059E-003 2 1.163927894626516E-002 1.165222594262937E-002 3 1.147259200024861E-002 1.148716898249653E-002 4 3.024921258914501E-002 3.027383288804995E-002 5 1.771068417179085E-003 1.841478858873234E-003 6 3.455339334389577E-003 3.364775624099137E-003 7 3.037267219674091E-002 3.045798077529377E-002
31.203810 -514.341731188077 5.433973726367310E-003 5.298196685441104E-003 1 -1.237748100863167E-002 -1.235829476289300E-002 2 6.856925514023697E-003 6.873687652607152E-003 3 7.725419152806524E-003 7.735463417494855E-003 4 2.840875732534534E-002 2.844238521168709E-002 5 2.026229514507207E-003 2.087505373459292E-003 6 2.300815349879036E-003 2.058420938979896E-003 7 2.606127530722971E-002 2.628754738224691E-002
31.445700 -514.341733674941 8.530521348121392E-003 8.584852128196957E-003 1 -1.626997475534410E-002 -1.627274125321230E-002 2 1.621611870211723E-003 1.640132861226459E-003 3 3.412308833173022E-003 3.426684929462792E-003 4 2.581678157890005E-002 2.585656182289802E-002 5 8.431796338228213E-004 9.119994645626496E-004 6 3.201897673684180E-003 2.790484566748403E-003 7 1.765189918026240E-002 1.805414190190888E-002
31.687590 -514.341734822282 5.188640657609875E-004 5.664599902255438E-004 1 -2.020032028925995E-002 -2.019102403595139E-002 2 -3.631766164403363E-003 -3.626049948155718E-003 3 -9.226554192596276E-004 -9.136066311709277E-004 4 2.282981501214091E-002 2.284730951761239E-002 5 -8.192768875884488E-004 -7.762878233207773E-004 6 7.850750705751273E-003 7.842451703813475E-003 7 5.728073402406614E-003 5.711628942791001E-003
31.929480 -514.341732615307 -8.323333008540618E-003 -8.328921060388413E-003 1 -2.397490760469916E-002 -2.396051946690417E-002 2 -8.668502829658583E-003 -8.651881572514186E-003 3 -5.041733643305103E-003 -5.039758047632097E-003 4 1.961922740836177E-002 1.964859079713220E-002 5 -2.735963424503074E-003 -2.703537840950240E-003 6 1.253954329792177E-002 1.286112144429647E-002 7 -5.713841570030092E-003 -6.026211068666490E-003
32.171370 -514.341729612546 -9.013027784026828E-003 -9.164337555722506E-003 1 -2.734684854818403E-002 -2.734676814350695E-002 2 -1.328484680192411E-002 -1.328453469224379E-002 3 -8.748695299530148E-003 -8.753788623550899E-003 4 1.635639306245359E-002 1.636726424047564E-002 5 -4.625256845800063E-003 -4.619620115078727E-003 6 1.400681390664580E-002 1.414968388708596E-002 7 -1.305327637367051E-002 -1.320745628383417E-002
32.413260 -514.341724979697 -6.754857257639384E-003 -6.757467778905973E-003 1 -3.093840674965865E-002 -3.095273890293211E-002 2 -1.802110027992551E-002 -1.801410876817255E-002 3 -1.246636263611389E-002 -1.246566633524638E-002 4 1.278889367210655E-002 1.281109625475632E-002 5 -6.904873641956822E-003 -6.887856195695310E-003 6 1.260410048973190E-002 1.266117720476934E-002 7 -1.814191684115485E-002 -1.821393238091505E-002
32.655150 -514.341723000249 -1.052110313839378E-002 -1.059576999199389E-002 1 -3.389007078532882E-002 -3.386388455379057E-002 2 -2.192643988130169E-002 -2.191048994426520E-002 3 -1.557345168855757E-002 -1.556162422128823E-002 4 9.559231179474551E-003 9.572517828780706E-003 5 -9.123258764283349E-003 -9.093047281735588E-003 6 9.811573216262318E-003 9.847186249840515E-003 7 -2.140746629416303E-002 -2.140828677994636E-002
32.897040 -514.341721500340 -1.372058827761016E-002 -1.371415254088648E-002 1 -3.657141162522531E-002 -3.657850010035208E-002 2 -2.567075017677424E-002 -2.566966564945468E-002 3 -1.835680203634359E-002 -1.836468798931083E-002 4 6.182254319326772E-003 6.192056166967529E-003 5 -1.113968671150450E-002 -1.115421965426220E-002 6 6.882809317304447E-003 6.887738053350734E-003 7 -2.380605555854656E-002 -2.381380760493847E-002
33.138930 -514.341719170301 -1.967716561934407E-002 -1.968168186660921E-002 1 -3.845886570132341E-002 -3.852558553325563E-002 2 -2.865093719694571E-002 -2.867740148525146E-002 3 -2.043618204414919E-002 -2.046510181747394E-002 4 3.082054676906236E-003 3.084452109899236E-003 5 -1.274132655196174E-002 -1.275721605891216E-002 6 3.948071220498066E-003 3.938841019830424E-003 7 -2.507791829339509E-002 -2.511925020887494E-002
33.380820 -514.341717743696 -2.363384569095252E-002 -2.361342120696885E-002 1 -3.929739691191411E-002 -3.930245021363395E-002 2 -3.063183047212002E-002 -3.063634482891154E-002 3 -2.161546553422931E-002 -2.161783260134493E-002 4 4.294595409718337E-004 4.368515003998562E-004 5 -1.377009276576070E-002 -1.375760852726569E-002 6 1.258487251510296E-003 1.261572167880001E-003 7 -2.514046876793969E-002 -2.514012791470888E-002
33.622710 -514.341715862067 -2.428862672151486E-002 -2.427818881009050E-002 1 -3.898818369515238E-002 -3.898782955941659E-002 2 -3.150228303822356E-002 -3.149241767784555E-002 3 -2.181359271092852E-002 -2.180975442904741E-002 4 -1.694224571498368E-003 -1.670624368628175E-003 5 -1.419325253733345E-002 -1.419450872994361E-002 6 -1.086379061484408E-003 -1.091920270013695E-003 7 -2.407276682001656E-002 -2.406522238938571E-002
33.864600 -514.341713341289 -2.218251347486967E-002 -2.219225333498646E-002 1 -3.763098435913994E-002 -3.765661826810542E-002 2 -3.132457007876766E-002 -3.131715394826884E-002 3 -2.110325194060197E-002 -2.109965368922976E-002 4 -3.326583579496539E-003 -3.306271244710273E-003 5 -1.407230100500370E-002 -1.407900716752445E-002 6 -3.136768595681053E-003 -3.160769234363786E-003 7 -2.213072540716885E-002 -2.215215702345068E-002
34.106490 -514.341711386969 -1.880776861835929E-002 -1.881277929221199E-002 1 -3.546043573130562E-002 -3.543567908194933E-002 2 -3.029332029231026E-002 -3.027594959579285E-002 3 -1.967081135840361E-002 -1.965680157823454E-002 4 -4.589133227119437E-003 -4.568419029927849E-003 5 -1.345652278070496E-002 -1.342478800087653E-002 6 -5.040839765478830E-003 -5.035392935990713E-003 7 -1.965001752557747E-002 -1.961456511591923E-002
34.348380 -514.341708238886 -1.569130498070350E-002 -1.573277679805723E-002 1 -3.274317532160713E-002 -3.278931165224641E-002 2 -2.865979368853532E-002 -2.868060150965732E-002 3 -1.773561249725062E-002 -1.775179346681325E-002 4 -5.627809192599351E-003 -5.621052355261411E-003 5 -1.232862556161612E-002 -1.234032744079111E-002 6 -6.973780092302925E-003 -6.998883940067857E-003 7 -1.692868339985547E-002 -1.696518301493449E-002
34.590270 -514.341706843007 -1.370893298250125E-002 -1.371266707865089E-002 1 -2.965180642948614E-002 -2.963169892004869E-002 2 -2.660969477680438E-002 -2.659524881530405E-002 3 -1.544499973678998E-002 -1.543551083500845E-002 4 -6.547067779369605E-003 -6.531053452678621E-003 5 -1.059502492046834E-002 -1.057811426288085E-002 6 -9.013339462904101E-003 -9.015775249323128E-003 7 -1.410450487826738E-002 -1.410893237743753E-002
34.832160 -514.341705394249 -1.316188872501640E-002 -1.312329340448139E-002 1 -2.618674129822061E-002 -2.623504534666480E-002 2 -2.418212312046811E-002 -2.419876314846029E-002 3 -1.282143059697104E-002 -1.283129679266814E-002 4 -7.365223126626105E-003 -7.363243447366689E-003 5 -8.137579801997087E-003 -8.117449254607131E-003 6 -1.107709272115718E-002 -1.111639102607773E-002 7 -1.112239341576244E-002 -1.113941646731395E-002
35.074050 -514.341705163133 -1.052456546374468E-002 -1.050110379100712E-002 1 -2.224324720367388E-002 -2.216254456027437E-002 2 -2.136376283247077E-002 -2.129522344525352E-002 3 -9.880535234619006E-003 -9.827995731596508E-003 4 -8.046209673521673E-003 -7.993259022719117E-003 5 -4.956432159926171E-003 -4.888604441414385E-003 6 -1.287065293036794E-002 -1.285696311078102E-002 7 -7.807514355376128E-003 -7.747213977044560E-003
35.315940 -514.341699172723 -7.726840098902943E-003 -7.846570566563222E-003 1 -1.840615063759629E-002 -1.857045809575782E-002 2 -1.850920083399377E-002 -1.862830075027919E-002 3 -6.953855697759016E-003 -7.068174517845944E-003 4 -8.694737465166072E-003 -8.770083362512464E-003 5 -1.741651943067911E-003 -1.794605405390691E-003 6 -1.457766773932687E-002 -1.466187673280190E-002 7 -4.881193726434315E-003 -4.976940117575860E-003
35.557830 -514.341699067294 -5.423582023945003E-003 -5.401094667682679E-003 1 -1.457976364874107E-002 -1.459270335881923E-002 2 -1.551369894180391E-002 -1.550291022977079E-002 3 -3.965454357378473E-003 -3.952545558671896E-003 4 -9.208955645462525E-003 -9.193212923031095E-003 5 1.385798049369755E-003 1.415575465491196E-003 6 -1.595234972038427E-002 -1.599024758883472E-002 7 -2.223280634909995E-003 -2.219817957158896E-003
35.799720 -514.341701060379 -2.768504794613219E-003 -2.700590727041857E-003 1 -1.046516322152735E-002 -1.041394758071650E-002 2 -1.211671554520268E-002 -1.206308504828417E-002 3 -7.066450322768257E-004 -6.704310900102704E-004 4 -9.411356756838811E-003 -9.367090962167401E-003 5 4.560248082368380E-003 4.615026193764244E-003 6 -1.672444346963957E-002 -1.672559498378506E-002 7 4.847890805222158E-004 5.215830860268829E-004
36.041610 -514.341700758166 1.200027940861933E-003 1.201199037243820E-003 1 -5.802079947792971E-003 -5.869782932015006E-003 2 -8.104100223931703E-003 -8.149533087989002E-003 3 2.989328297315070E-003 2.942581778181543E-003 4 -9.165437963938110E-003 -9.193706514776169E-003 5 7.964445141572117E-003 7.946655346044908E-003 6 -1.669576809571116E-002 -1.674266288638634E-002 7 3.501861747575147E-003 3.473823624785233E-003
36.283500 -514.341704261438 6.779122984456350E-003 6.857312180396446E-003 1 -5.998823229982546E-004 -5.684276237287888E-004 2 -3.488642967465749E-003 -3.440939728663558E-003 3 7.092690988070176E-003 7.134755020101892E-003 4 -8.480446760594966E-003 -8.439390426940996E-003 5 1.158421101879433E-002 1.161684780070373E-002 6 -1.580834033778600E-002 -1.580436104369996E-002 7 6.801898471729318E-003 6.827881242119790E-003
36.525390 -514.341706405256 1.294876746122216E-002 1.297712751354397E-002 1 4.737691425640738E-003 4.761302554475438E-003 2 1.379698521364198E-003 1.406022228991576E-003 3 1.129165111085799E-002 1.130096285117327E-002 4 -7.573158088344123E-003 -7.555830912849385E-003 5 1.507156386122955E-002 1.510479740733886E-002 6 -1.418183214718344E-002 -1.416176835316769E-002 7 9.966441382178771E-003 1.000713835591887E-002
36.767280 -514.341706487584 1.797230881230075E-002 1.793889529635436E-002 1 9.579548712647809E-003 9.536873550719981E-003 2 5.941378890022554E-003 5.920866837779595E-003 3 1.512389473931034E-002 1.509912433302319E-002 4 -6.813208319906790E-003 -6.825736135546172E-003 5 1.789649094999251E-002 1.788730635785787E-002 6 -1.206685443951878E-002 -1.209253355426955E-002 7 1.235731098439332E-002 1.234934892769675E-002
37.009170 -514.341706044280 2.049472753276793E-002 2.044343350188597E-002 1 1.337816390078038E-002 1.330566458876568E-002 2 9.692757817171785E-003 9.657107854333281E-003 3 1.820064234851892E-002 1.817687717157150E-002 4 -6.552762836675175E-003 -6.560856614419576E-003 5 1.960972803311201E-002 1.957806741070009E-002 6 -9.737008764957757E-003 -9.776506957886656E-003 7 1.343555998502106E-002 1.340362150760719E-002
37.251060 -514.341707224755 2.030351130659354E-002 2.029118850134893E-002 1 1.586760432812901E-002 1.589132516582166E-002 2 1.238161795611898E-002 1.240185630209739E-002 3 2.035260143750713E-002 2.036162843682619E-002 4 -6.993570700674255E-003 -6.982465118535980E-003 5 2.000990520183596E-002 2.003909287242328E-002 6 -7.391856472131708E-003 -7.365848134082780E-003 7 1.295027498497066E-002 1.299798492217306E-002
37.492950 -514.341708037332 1.856452524037660E-002 1.855540770022800E-002 1 1.710812726201784E-002 1.709218642681343E-002 2 1.404548241894531E-002 1.405482437887136E-002 3 2.166291511202139E-002 2.166617007345933E-002 4 -8.139550025494754E-003 -8.136161734212713E-003 5 1.918237104988366E-002 1.918302068654728E-002 6 -5.120798856889953E-003 -5.116307968552601E-003 7 1.100848996331565E-002 1.101378776093287E-002
37.734840 -514.341709666716 1.725538901284648E-002 1.727911969377378E-002 1 1.743560958796525E-002 1.744590744034499E-002 2 1.495147430567106E-002 1.497489716836123E-002 3 2.241203545553783E-002 2.243434593607127E-002 4 -9.814914702324568E-003 -9.785456199914999E-003 5 1.744950259150958E-002 1.746634837149735E-002 6 -2.944465126796031E-003 -2.897075899372908E-003 7 8.072432296552483E-003 8.079064442128610E-003
37.976730 -514.341708701349 1.765856833622327E-002 1.764001281421303E-002 1 1.729158983664194E-002 1.722482073494352E-002 2 1.546138472959921E-002 1.542937086933231E-002 3 2.294462350555933E-002 2.291841420762684E-002 4 -1.174424927681748E-002 -1.176160752698220E-002 5 1.521903341292840E-002 1.519435773016680E-002 6 -9.010135928031600E-004 -8.840368901065149E-004 7 4.789077016357599E-003 4.731850624982470E-003
38.218620 -514.341710167066 1.956624244993685E-002 1.960598520803689E-002 1 1.704704068522614E-002 1.708879834762247E-002 2 1.588214122040441E-002 1.593037730898309E-002 3 2.354546107105288E-002 2.357725073490503E-002 4 -1.363161813488808E-002 -1.361478802410679E-002 5 1.281497952098032E-002 1.286039450905615E-002 6 9.185305307131165E-004 1.016228409004242E-003 7 1.779068168188086E-003 1.780017910988207E-003
38.460510 -514.341708496173 2.207077493400744E-002 2.205029707461613E-002 1 1.694999334478646E-002 1.689539369351283E-002 2 1.641790346570554E-002 1.638641511162563E-002 3 2.441697880798051E-002 2.439593426630363E-002 4 -1.516055553326684E-002 -1.520840440075740E-002 5 1.039568489855685E-002 1.039394386311835E-002 6 2.452047546059715E-003 2.471707797992550E-003 7 -5.246185856962800E-004 -5.995788413726532E-004
38.702400 -514.341708465020 2.428246563768526E-002 2.424925196282516E-002 1 1.715239570702556E-002 1.717868315753272E-002 2 1.720640826573705E-002 1.724481920109438E-002 3 2.572001814446431E-002 2.574072558943561E-002 4 -1.584651726910605E-002 -1.590067104670675E-002 5 7.871147072117777E-003 7.966611996680292E-003 6 3.747181464403351E-003 3.821674447449233E-003 7 -1.922913499960504E-003 -1.920829741151413E-003
38.944290 -514.341706300333 2.453454125565512E-002 2.452308406756018E-002 1 1.749048346670292E-002 1.742867162604818E-002 2 1.815420633809333E-002 1.812246828153643E-002 3 2.741857755499672E-002 2.739759575426674E-002 4 -1.478411637167915E-002 -1.502536657023200E-002 5 4.421833011865321E-003 4.619235872576873E-003 6 4.679124301036357E-003 4.689475618702198E-003 7 -2.575449558699743E-003 -2.616481658620694E-003
39.186180 -514.341704721321 2.340477762678225E-002 2.335275791559615E-002 1 1.850424453892861E-002 1.851807363120596E-002 2 1.976743110804269E-002 1.979628635155935E-002 3 3.004020573191920E-002 3.005360179554245E-002 4 -9.919385310147790E-003 -1.021407607776470E-002 5 -9.738305448373335E-004 -6.589923869907304E-004 6 5.992971021847075E-003 6.021081489690186E-003 7 -2.059486237818191E-003 -2.048158947922231E-003
39.428070 -514.341703939169 2.400727043374732E-002 2.406532320045087E-002 1 1.985382248572195E-002 1.989384089220542E-002 2 2.199920906567936E-002 2.204850239188281E-002 3 3.344708037061812E-002 3.349092534798252E-002 4 -2.258962272039948E-003 -1.960408728393265E-003 5 -7.231712175141747E-003 -7.493158443501914E-003 6 7.521259981672887E-003 7.552897265556658E-003 7 -7.250134026886592E-004 -7.079253742061801E-004
39.669960 -514.341699336716 2.873458773011620E-002 2.868814307874226E-002 1 2.205014455157116E-002 2.195108049641047E-002 2 2.492189088917092E-002 2.486255033766622E-002 3 3.774490405168572E-002 3.770101914101198E-002 4 4.250249955947583E-003 4.445895863050673E-003 5 -9.918491868124520E-003 -1.020842825177762E-002 6 9.844395789414973E-003 9.801133602795114E-003 7 1.704950111762456E-003 1.659079198264338E-003
39.911850 -514.341699595056 3.521920182222353E-002 3.522277600967459E-002 1 2.445433524359153E-002 2.447876021962890E-002 2 2.785511646021414E-002 2.788463981333670E-002 3 4.216910002535152E-002 4.219133287094341E-002 4 8.099984318767508E-003 8.187702569429680E-003 5 -8.681913019564849E-003 -8.758747051862680E-003 6 1.238139106225023E-002 1.240147918945478E-002 7 4.509350691695198E-003 4.531778643294656E-003
40.153740 -514.341701513444 4.108829814879510E-002 4.108404429424662E-002 1 2.619760856248025E-002 2.619350940624238E-002 2 2.997322507808175E-002 2.998939961311133E-002 3 4.581434356316676E-002 4.583426877325986E-002 4 1.017061655936765E-002 1.019731560705002E-002 5 -6.049412178060035E-003 -6.072638226543576E-003 6 1.429456748518263E-002 1.430312654160572E-002 7 6.772846372588368E-003 6.786615399411398E-003
40.395630 -514.341706203038 4.417782745422121E-002 4.420228334416670E-002 1 2.661987266393107E-002 2.663271968744981E-002 2 3.072334127206570E-002 3.076920473691629E-002 3 4.809312087116520E-002 4.813409861894827E-002 4 1.072950096832740E-002 1.074732522220939E-002 5 -3.534087609215766E-003 -3.533035380421867E-003 6 1.498731187190917E-002 1.500165501422720E-002 7 7.860033172082921E-003 7.870029513149907E-003
40.637520 -514.341712286050 4.375793640859336E-002 4.379278452407907E-002 1 2.544675045938946E-002 2.546929903748566E-002 2 2.995867074664664E-002 2.999457839250628E-002 3 4.886724992961061E-002 4.889488118663225E-002 4 9.856976381372475E-003 9.879183805835022E-003 5 -1.615408780720891E-003 -1.606808883699473E-003 6 1.429004785368693E-002 1.431933173041923E-002 7 7.628856273855967E-003 7.632014048588514E-003
40.879410 -514.341719268308 4.148916012246327E-002 4.151284825115877E-002 1 2.262414331424532E-002 2.260166798784843E-002 2 2.771027751280426E-002 2.772179168056790E-002 3 4.819623001572873E-002 4.820886429414400E-002 4 7.684669072681645E-003 7.693889388247094E-003 5 -3.771850063346743E-004 -3.800534325717116E-004 6 1.228071268116317E-002 1.228230371164864E-002 7 6.258132991482617E-003 6.227029313656457E-003
41.121300 -514.341727457061 3.861318605938276E-002 3.866236926265072E-002 1 1.796136806428629E-002 1.799889336979303E-002 2 2.383994667174444E-002 2.388734660365239E-002 3 4.594396623514362E-002 4.598849050067968E-002 4 4.150493022729385E-003 4.165967202155214E-003 5 -1.648334410553239E-004 -1.365103097727517E-004 6 8.867046818971094E-003 8.885272806473912E-003 7 3.893873486719122E-003 3.812321845627933E-003
41.363190 -514.341732400791 3.593763257143848E-002 3.593280936507979E-002 1 1.145587261602892E-002 1.147750982803001E-002 2 1.827968180017340E-002 1.831393557612038E-002 3 4.203774473139158E-002 4.206888501835149E-002 4 -6.762579206715736E-004 -6.759432722756251E-004 5 -1.402059320188960E-003 -1.374256139762996E-003 6 4.093790008089229E-003 4.090341176526003E-003 7 1.239221672679855E-003 1.018250100779615E-003
41.605080 -514.341733870457 3.064034762658766E-002 3.059815513269321E-002 1 3.491418195386388E-003 3.480158631834318E-003 2 1.123686445039607E-002 1.125602958986599E-002 3 3.663895017904975E-002 3.665334704238746E-002 4 -6.493876812630581E-003 -6.519687963747507E-003 5 -4.393459073107482E-003 -4.361247890922951E-003 6 -1.664650640288523E-003 -1.698167035635907E-003 7 -8.316976264537233E-005 -4.379198189850990E-004
41.846970 -514.341736981681 2.125277017022211E-002 2.127441544413961E-002 1 -5.228139600010537E-003 -5.249484179945301E-003 2 3.254885473838629E-003 3.258082618989067E-003 3 3.023184120219460E-002 3.023853884217028E-002 4 -1.269054967017002E-002 -1.275810741155047E-002 5 -8.980959259787197E-003 -8.945259399994774E-003 6 -7.650692313638257E-003 -7.729298797870239E-003 7 5.091784759656866E-004 6.440666575596439E-004
42.088860 -514.341742246724 1.292935354794864E-002 1.300855450216828E-002 1 -1.417971655742142E-002 -1.417286569755919E-002 2 -5.117353015125506E-003 -5.089305388635391E-003 3 2.335312282816379E-002 2.337789738340182E-002 4 -1.855932787340809E-002 -1.863476075653049E-002 5 -1.477208406846524E-002 -1.469770750660333E-002 6 -1.305256766393111E-002 -1.313879747868177E-002 7 -5.210459361589879E-004 4.355874801937395E-005
42.330750 -514.341743263339 1.051930507722794E-002 1.053791405458573E-002 1 -2.334256054219096E-002 -2.337846991638298E-002 2 -1.362414539957450E-002 -1.362944113692390E-002 3 1.634565824708856E-002 1.634209531583472E-002 4 -2.359485542895768E-002 -2.370100912699634E-002 5 -2.165808119074017E-002 -2.160165209362009E-002 6 -1.738569539955631E-002 -1.749420733179943E-002 7 -6.551198177449311E-003 -6.216580649826135E-003
42.572640 -514.341744439135 1.069940700756379E-002 1.072170995316328E-002 1 -3.276821238486644E-002 -3.276967347090218E-002 2 -2.209271856991353E-002 -2.206558342364998E-002 3 9.442410216992315E-003 9.467157178990769E-003 4 -2.759163817668312E-002 -2.765472340258259E-002 5 -2.956134828426772E-002 -2.951432336760446E-002 6 -2.061644710110324E-002 -2.062863450103130E-002 7 -1.660614967577726E-002 -1.645624795791057E-002
42.814530 -514.341742744234 6.647433181647622E-003 6.628975734967891E-003 1 -4.219963132196052E-002 -4.221559298850590E-002 2 -3.021975319412147E-002 -3.022456476417185E-002 3 2.898033721470606E-003 2.903242742130089E-003 4 -3.069043003383963E-002 -3.071102725655028E-002 5 -3.784903501920241E-002 -3.788979172695078E-002 6 -2.332911805583633E-002 -2.324243490353913E-002 7 -2.809833114892600E-002 -2.816006150129304E-002
43.056420 -514.341739476819 -4.459870417328093E-003 -4.471520998145006E-003 1 -5.112591928012900E-002 -5.115615089625564E-002 2 -3.762355439944117E-002 -3.763350509952920E-002 3 -3.036124879671956E-003 -3.040597737807650E-003 4 -3.326068435695875E-002 -3.323615422817138E-002 5 -4.539419815691383E-002 -4.549547885680673E-002 6 -2.645103876489188E-002 -2.628796739617570E-002 7 -3.866340990241844E-002 -3.882870210769052E-002
43.298310 -514.341735612676 -1.723656948403558E-002 -1.722156953263531E-002 1 -5.911320533159033E-002 -5.915761228456840E-002 2 -4.407221538424687E-002 -4.407905128702837E-002 3 -8.222973554034377E-003 -8.219010585586618E-003 4 -3.565150771843798E-002 -3.561104249371280E-002 5 -5.122862461090661E-002 -5.137243809332271E-002 6 -3.053026027529394E-002 -3.035803998941189E-002 7 -4.675722155455962E-002 -4.695351590879168E-002
43.540200 -514.341732226123 -2.374278678894167E-002 -2.371342216814782E-002 1 -6.605588557079321E-002 -6.607269278494668E-002 2 -4.964294997997167E-002 -4.961690069971652E-002 3 -1.272009666422309E-002 -1.269433539337993E-002 4 -3.815648013468341E-002 -3.811057086152009E-002 5 -5.494679415760571E-002 -5.508913026809756E-002 6 -3.556780610032564E-002 -3.536868672615425E-002 7 -5.191767807463336E-002 -5.207111857572344E-002
43.782090 -514.341726911501 -2.087983877074972E-002 -2.086388372753139E-002 1 -7.211262915753737E-002 -7.211803787561744E-002 2 -5.452138195214517E-002 -5.450801880116618E-002 3 -1.663759894341744E-002 -1.662182140625036E-002 4 -4.101536001272509E-002 -4.098576532067873E-002 5 -5.647948137664838E-002 -5.662877580377866E-002 6 -4.148539018690342E-002 -4.129212925560964E-002 7 -5.440697818694147E-002 -5.451821474901063E-002
44.023980 -514.341723932735 -2.658247719881787E-002 -2.654864945374078E-002 1 -7.741995898168666E-002 -7.744078591569548E-002 2 -5.859385759180674E-002 -5.859189530626736E-002 3 -1.975833641923976E-002 -1.974294077629514E-002 4 -4.414024613674845E-002 -4.412651321448533E-002 5 -5.583448941636288E-002 -5.592902087583530E-002 6 -4.823701413466036E-002 -4.813283155995475E-002 7 -5.481165347129051E-002 -5.485952582380334E-002
44.265870 -514.341721179831 -3.357627996174320E-002 -3.351877770525054E-002 1 -8.169332598128702E-002 -8.172752407723456E-002 2 -6.174071268644152E-002 -6.175202349959748E-002 3 -2.215634000917286E-002 -2.214806207270185E-002 4 -4.703714638290062E-002 -4.703531831783015E-002 5 -5.362528810013546E-002 -5.360404780666970E-002 6 -5.500905836858217E-002 -5.503778260640384E-002 7 -5.396463629356960E-002 -5.395224764589840E-002
44.507760 -514.341715232274 -3.321941502172791E-002 -3.352658989905674E-002 1 -8.481804226819931E-002 -8.484163909155154E-002 2 -6.332942511795438E-002 -6.331237623250775E-002 3 -2.311961952420105E-002 -2.308966852945257E-002 4 -4.917070009262341E-002 -4.915479508168238E-002 5 -5.067112086959055E-002 -5.054649008264862E-002 6 -6.048707865439803E-002 -6.058527913645689E-002 7 -5.235003382322259E-002 -5.227426211520650E-002
44.749650 -514.341713156281 -3.053395641489988E-002 -3.051735174602073E-002 1 -8.758452729600977E-002 -8.762212667814280E-002 2 -6.486858845264923E-002 -6.490031873706936E-002 3 -2.419724956864766E-002 -2.421736187388263E-002 4 -5.123831517036475E-002 -5.125658800492983E-002 5 -4.865074257813430E-002 -4.856404497520168E-002 6 -6.474752338117454E-002 -6.488649945088498E-002 7 -5.125771518036725E-002 -5.122366056743303E-002
44.991540 -514.341716695542 -2.126100976668469E-002 -2.114446951800078E-002 1 -8.908012602668700E-002 -8.907694527481538E-002 2 -6.455110901337559E-002 -6.453698332367871E-002 3 -2.336692413747455E-002 -2.335028224489383E-002 4 -5.252325565919091E-002 -5.252780946373274E-002 5 -4.663168238850456E-002 -4.654309929161839E-002 6 -6.633608598797010E-002 -6.641193781444164E-002 7 -4.964228567361704E-002 -4.958931952242707E-002
45.233430 -514.341714050850 -1.661053038167888E-002 -1.658310848534657E-002 1 -8.874947593719358E-002 -8.874379716483402E-002 2 -6.200980168634705E-002 -6.197863271479683E-002 3 -2.022949030159626E-002 -2.018969518610735E-002 4 -5.290486924686160E-002 -5.289160356552618E-002 5 -4.392266636721796E-002 -4.384480772200608E-002 6 -6.502986590623566E-002 -6.505743042768002E-002 7 -4.730410445539070E-002 -4.724909807345163E-002
45.475320 -514.341705246456 -2.470641001158934E-002 -2.474064650094046E-002 1 -8.699620220753124E-002 -8.700340101837890E-002 2 -5.835378913448439E-002 -5.833332085962394E-002 3 -1.601959300438894E-002 -1.598251508629273E-002 4 -5.274209288449273E-002 -5.274231716358709E-002 5 -4.062997977383073E-002 -4.058400897605959E-002 6 -6.210485724487098E-002 -6.212850118896838E-002 7 -4.496288306987146E-002 -4.493608226635083E-002
45.717210 -514.341696932412 -3.327328867083343E-002 -3.336205972576139E-002 1 -8.468140480138080E-002 -8.470601937456658E-002 2 -5.463667235842115E-002 -5.466035504732578E-002 3 -1.192731994254702E-002 -1.194983761755369E-002 4 -5.236611731257337E-002 -5.239201787722483E-002 5 -3.721320485628066E-002 -3.720994992905781E-002 6 -5.893773848033573E-002 -5.899072057841893E-002 7 -4.303127928676443E-002 -4.304470945247845E-002
45.959100 -514.341698738011 -2.297692307236101E-002 -2.289503442941404E-002 1 -8.216052039935479E-002 -8.215883716846943E-002 2 -5.078338784595342E-002 -5.075726400009195E-002 3 -7.696591129592438E-003 -7.666997422364367E-003 4 -5.142178869052406E-002 -5.142928175419911E-002 5 -3.374946781813352E-002 -3.372186523593458E-002 6 -5.564921231080247E-002 -5.566367566940691E-002 7 -4.126592592877523E-002 -4.124491013539937E-002
46.200990 -514.341703524782 6.507211362949850E-004 7.740009207258490E-004 1 -7.873935290531961E-002 -7.875387932679703E-002 2 -4.559562349053092E-002 -4.559046252073264E-002 3 -1.967440155438210E-003 -1.952358081084468E-003 4 -4.950406083361294E-002 -4.951139727562057E-002 5 -2.949181540933389E-002 -2.946683924226092E-002 6 -5.113907401290376E-002 -5.116731553404559E-002 7 -3.884020602844755E-002 -3.883740116282277E-002
46.442880 -514.341690580819 -1.172962531998671E-003 -1.870271806289972E-003 1 -7.385382939751255E-002 -7.387744178194852E-002 2 -3.881728827379630E-002 -3.884200565370366E-002 3 5.432491481219134E-003 5.410192746053218E-003 4 -4.684269298727965E-002 -4.688535452473959E-002 5 -2.397095532004393E-002 -2.398437656947674E-002 6 -4.513015608348930E-002 -4.519762206302413E-002 7 -3.576891360249981E-002 -3.579492468401901E-002
46.684770 -514.341694360810 4.665162927828420E-003 4.759565610587337E-003 1 -6.957938084963730E-002 -6.959807473353384E-002 2 -3.304997984490111E-002 -3.305829400766869E-002 3 1.181416311184148E-002 1.180834526781913E-002 4 -4.390415149913304E-002 -4.397009438502661E-002 5 -1.932334580942830E-002 -1.929999957616117E-002 6 -4.005202629969472E-002 -4.010239540978667E-002 7 -3.347749709771201E-002 -3.349811187570770E-002
46.926660 -514.341699306409 2.691858642724314E-002 2.700616556695477E-002 1 -6.444914651335901E-002 -6.443572351375176E-002 2 -2.635996873079562E-002 -2.631978947723750E-002 3 1.918657097495024E-002 1.924295943620764E-002 4 -3.964359146936513E-002 -3.984574253530206E-002 5 -1.478669025601559E-002 -1.454434836282711E-002 6 -3.400583554325734E-002 -3.400540787852531E-002 7 -3.090006739535298E-002 -3.088704076501914E-002
47.168550 -514.341695785560 2.442204777968316E-002 2.434351328827665E-002 1 -5.865260635945047E-002 -5.863466368283010E-002 2 -1.942827737914944E-002 -1.940331999260823E-002 3 2.665812803561496E-002 2.668795773306261E-002 4 -3.028923737676836E-002 -3.153275200504130E-002 5 -1.486217047750735E-002 -1.360373540471670E-002 6 -2.760374769277108E-002 -2.763129338572597E-002 7 -2.863444714508553E-002 -2.863577932097313E-002
47.410440 -514.341696024463 1.126766329017577E-002 1.124238174587325E-002 1 -5.317677555092660E-002 -5.318774201660771E-002 2 -1.329918627933096E-002 -1.328887261295188E-002 3 3.311295815680518E-002 3.313568072515077E-002 4 -1.284728376713266E-002 -1.154553518624360E-002 5 -2.365885584470568E-002 -2.496499158992290E-002 6 -2.188467581522137E-002 -2.191564097355267E-002 7 -2.712984440221580E-002 -2.713566227912776E-002
47.652330 -514.341704794891 2.561512591307842E-002 2.572119232276497E-002 1 -4.818600944491978E-002 -4.821880728983332E-002 2 -7.722413566695633E-003 -7.724346595226924E-003 3 3.884074176334761E-002 3.884922798677038E-002 4 2.514126795369301E-003 3.038333853276354E-003 5 -3.084432845738715E-002 -3.139238895884647E-002 6 -1.666180433867946E-002 -1.670078936751206E-002 7 -2.593962201874996E-002 -2.595434971289863E-002
47.894220 -514.341707605371 4.725682497499156E-002 4.724206846946558E-002 1 -4.376110432028925E-002 -4.375419471229491E-002 2 -2.713043963619791E-003 -2.684552870303312E-003 3 4.382568009783668E-002 4.387039718073973E-002 4 9.975062572083226E-003 1.010013235186610E-002 5 -3.087641544657553E-002 -3.098864669139310E-002 6 -1.176056054614849E-002 -1.177748222538100E-002 7 -2.499862779079066E-002 -2.500439197678438E-002
48.136110 -514.341708409304 3.995477830012250E-002 3.992764974647878E-002 1 -4.097394155892486E-002 -4.098809075381298E-002 2 6.744820552431323E-004 6.920395168945741E-004 3 4.719572927200298E-002 4.723440825501094E-002 4 1.418093925803032E-002 1.423442593990108E-002 5 -2.961267193309278E-002 -2.966043412671022E-002 6 -8.257305608941747E-003 -8.276853625767305E-003 7 -2.490004537539838E-002 -2.489393569910239E-002
48.378000 -514.341716235454 2.858714697097142E-002 2.864443999288290E-002 1 -3.951385870798359E-002 -3.950623621609962E-002 2 2.436271331049970E-003 2.497785728657539E-003 3 4.883622582795873E-002 4.892366321230179E-002 4 1.661146580754163E-002 1.668673143040308E-002 5 -2.847586743492890E-002 -2.847750767041586E-002 6 -6.301078086370066E-003 -6.262240965059947E-003 7 -2.598867780338529E-002 -2.593393870460908E-002
48.619890 -514.341726178078 4.126167278523388E-002 4.138068017083623E-002 1 -3.910941577248651E-002 -3.915736499091405E-002 2 2.893670523623805E-003 2.881605907315074E-003 3 4.884504799723240E-002 4.886858941458454E-002 4 1.761365668933991E-002 1.761372479268062E-002 5 -2.767011417313275E-002 -2.771262781689534E-002 6 -5.512037078027603E-003 -5.547871710613592E-003 7 -2.801739992246515E-002 -2.801729172799743E-002
48.861780 -514.341728276669 3.822592858634576E-002 3.806811423761837E-002 1 -4.007099161930677E-002 -4.007187110186233E-002 2 2.098602068590033E-003 2.155413553779829E-003 3 4.732088216545872E-002 4.742498997700501E-002 4 1.703627463599864E-002 1.709617731571457E-002 5 -2.710647303721579E-002 -2.710109313684216E-002 6 -5.935683788961614E-003 -5.903738278632311E-003 7 -3.075115758397251E-002 -3.070146844221094E-002
49.103670 -514.341733272624 3.062594766325460E-002 3.057064108809022E-002 1 -4.182139904583131E-002 -4.186553300357761E-002 2 -2.451040837590027E-004 -2.208911023397778E-004 3 4.369571005082990E-002 4.377905504358979E-002 4 1.517761036345380E-002 1.520862894596460E-002 5 -2.744014981388085E-002 -2.744759010224656E-002 6 -7.530891446016166E-003 -7.524286179796801E-003 7 -3.512770563225740E-002 -3.510200358821645E-002
49.345560 -514.341746304218 2.070915288004193E-002 2.088288705924476E-002 1 -4.471062660829373E-002 -4.473499363814728E-002 2 -4.463695190588523E-003 -4.401887917354234E-003 3 3.759462001779195E-002 3.773928100850876E-002 4 1.169061824338508E-002 1.175768712364195E-002 5 -2.882299243558767E-002 -2.878890545447029E-002 6 -1.067234793690706E-002 -1.062628796045306E-002 7 -4.114420878403310E-002 -4.109565154898326E-002
49.587450 -514.341757936186 3.809071142954260E-002 3.826852698771213E-002 1 -4.859820883492616E-002 -4.868218000611853E-002 2 -9.834546686419943E-003 -9.797483537271966E-003 3 2.961355778680898E-002 2.977407846289070E-002 4 6.695465054147173E-003 6.737516165852586E-003 5 -3.054415516179974E-002 -3.050826391056613E-002 6 -1.531416480592206E-002 -1.527722665713246E-002 7 -4.745216445429288E-002 -4.743232052855334E-002
49.829340 -514.341766509179 1.727746603058626E-002 1.759119981411744E-002 1 -5.254347263211839E-002 -5.266455654103096E-002 2 -1.603730765449490E-002 -1.596099813614034E-002 3 1.949851674957427E-002 1.976975026965189E-002 4 5.774008238783009E-004 6.644051092735281E-004 5 -3.266173836618509E-002 -3.258833092357477E-002 6 -2.107610370992179E-002 -2.098793349827092E-002 7 -5.371969243725055E-002 -5.368528346008992E-002
50.071230 -514.341773599648 1.753035529995132E-002 1.773003798235787E-002 1 -5.515116724325653E-002 -5.536824991988090E-002 2 -2.206479967110670E-002 -2.202344946776670E-002 3 7.452106410768076E-003 7.768363502179275E-003 4 -5.692229429879822E-003 -5.647912396890804E-003 5 -3.459557966619316E-002 -3.453693825825028E-002 6 -2.770440299192252E-002 -2.766699979402477E-002 7 -5.885751239557613E-002 -5.884805154930169E-002
50.313120 -514.341773976950 -1.169808008274372E-002 -1.151266549075680E-002 1 -5.515786923242148E-002 -5.546227805187760E-002 2 -2.826105216119165E-002 -2.825609533049346E-002 3 -7.521567790147642E-003 -7.180821305745087E-003 4 -1.219291954706553E-002 -1.218626415965965E-002 5 -3.662811419252856E-002 -3.658506477188825E-002 6 -3.411279130631597E-002 -3.409588744563376E-002 7 -6.326245198292740E-002 -6.332193623201662E-002
50.555010 -514.341763678098 -1.389216811109701E-002 -1.382007343728609E-002 1 -5.128458763278319E-002 -5.147377437346029E-002 2 -3.385725920885341E-002 -3.379226775293365E-002 3 -2.493083457774159E-002 -2.468164407775960E-002 4 -1.808032245340516E-002 -1.804083401529997E-002 5 -3.810833206436567E-002 -3.805788541509265E-002 6 -3.950547905776795E-002 -3.946171108205380E-002 7 -6.600693216948375E-002 -6.609358502393943E-002
50.796900 -514.341737107807 3.739181208711336E-003 3.568996347407676E-003 1 -4.302845199997512E-002 -4.298269971120559E-002 2 -3.705636809082830E-002 -3.702693025747427E-002 3 -4.159485976952797E-002 -4.162155974935317E-002 4 -2.181343341092874E-002 -2.180208344791534E-002 5 -3.698337560085651E-002 -3.694660456677448E-002 6 -4.276230321431627E-002 -4.275694224414555E-002 7 -6.388500388738358E-002 -6.400756868984774E-002
51.038790 -514.341699954238 -9.988485893851880E-003 -1.040741079439257E-002 1 -3.137070163233793E-002 -3.112205390066492E-002 2 -3.675153660945758E-002 -3.679210952400890E-002 3 -5.413089210948172E-002 -5.440428483929977E-002 4 -2.226035917078472E-002 -2.229813911413823E-002 5 -3.238474206272657E-002 -3.236789597933520E-002 6 -4.257667469463041E-002 -4.261163877010690E-002 7 -5.692368718035928E-002 -5.695836394821191E-002
51.280680 -514.341680846622 -1.069204249462543E-002 -1.077166649668484E-002 1 -1.921239200297427E-002 -1.891483081512731E-002 2 -3.333714685414423E-002 -3.337046980018147E-002 3 -6.089233537715934E-002 -6.122341444686475E-002 4 -1.969822899916636E-002 -1.972740235304970E-002 5 -2.518121960849818E-002 -2.517864104978507E-002 6 -3.834326228344481E-002 -3.834714595415027E-002 7 -4.720909665737732E-002 -4.718885886031283E-002
51.522570 -514.341676235746 -8.292496789627235E-003 -8.181327480396234E-003 1 -6.408206756854541E-003 -6.230026364840276E-003 2 -2.546801441366194E-002 -2.549601671859703E-002 3 -5.959232747812005E-002 -5.984927212136300E-002 4 -1.329102284252568E-002 -1.334063171914955E-002 5 -1.399817286470299E-002 -1.401576561226183E-002 6 -2.950079767765645E-002 -2.954629508540041E-002 7 -3.446556608471887E-002 -3.447995237908281E-002
51.764460 -514.341660371701 -1.876839679955424E-003 -2.053983250317504E-003 1 7.118848655236226E-003 7.234877159696956E-003 2 -1.385942384404799E-002 -1.388248270010843E-002 3 -5.128943268457918E-002 -5.146259613913929E-002 4 -3.754350359581468E-003 -3.789245832244420E-003 5 5.012062379093359E-004 5.071651689065510E-004 6 -1.715930426873335E-002 -1.718476564771782E-002 7 -1.873365400034484E-002 -1.876001680037368E-002
52.006350 -514.341660273101 2.826506409863524E-004 2.920577679090090E-004 1 1.916338382568712E-002 1.924729773925674E-002 2 -2.394639105325619E-003 -2.383374603732097E-003 3 -4.054720553893872E-002 -4.062470693206877E-002 4 5.846467520801145E-003 5.837154327264100E-003 5 1.434971559020857E-002 1.437987467619444E-002 6 -3.463063863076131E-003 -3.457287526157656E-003 7 -3.629955339607892E-003 -3.620400218643549E-003
52.248240 -514.341679880391 -1.323729177761222E-003 -1.164832112332200E-003 1 2.910381580483913E-002 2.912860158558682E-002 2 7.816796358723042E-003 7.799475892419519E-003 3 -2.916553649150592E-002 -2.924416226888314E-002 4 1.428519530499102E-002 1.424546469382142E-002 5 2.634160206848936E-002 2.633495689009005E-002 6 1.033526644707745E-002 1.030160832397199E-002 7 9.943578944779175E-003 9.916638097384250E-003
52.490130 -514.341682752046 1.472255810383001E-002 1.453267430917298E-002 1 3.558754098612986E-002 3.560998890669970E-002 2 1.537359147131046E-002 1.537352839545658E-002 3 -1.934004785785459E-002 -1.936474610647751E-002 4 1.971986121730350E-002 1.969892335082440E-002 5 3.519956477578921E-002 3.521684932165020E-002 6 2.138388269126408E-002 2.137238809294303E-002 7 2.050544953104331E-002 2.050514314044728E-002
52.732020 -514.341698936793 1.337592010523948E-002 1.338765791828335E-002 1 3.670921611371456E-002 3.673000066421393E-002 2 1.749697525768684E-002 1.751577769816827E-002 3 -1.444125871680596E-002 -1.444330358426243E-002 4 2.023798688475830E-002 2.023183397674799E-002 5 3.820689554021858E-002 3.824253297065690E-002 6 2.785848395674882E-002 2.785308011096908E-002 7 2.491439548858983E-002 2.493553346171703E-002
52.973910 -514.341696951688 1.682923338934278E-002 1.636128044516700E-002 1 3.366306518779297E-002 3.362584214906115E-002 2 1.501163461398817E-002 1.496453514571585E-002 3 -1.391304213715646E-002 -1.396593399472360E-002 4 1.695782356525827E-002 1.689348833010965E-002 5 3.611535867965168E-002 3.608896954499664E-002 6 3.076519892450252E-002 3.069928658208043E-002 7 2.405615627078085E-002 2.401753125306972E-002
53.215800
